281968
269150
268387
7
8
103053
342
181
49
262938
10
11
269151
269155
269330
269331
269332
269333
269334
269335
269336
269337
269338
269339
269340
269341
269342
269343
269344
269345
269346
269347
269348
269349
269350
269351
269352
269353
269354
269355
269356
269357
269358
269359
269360
269361
269362
269363
269364
269365
269366
269367
269368
269369
269370
269371
269372
269373
269374
269375
269376
269377
269378
269379
269380
269381
269382
269383
269384
269385
269386
269387
269388
269389
269390
269391
269392
269393
269394
269395
269396
269397
269398
269399
269400
269401
269402
269403
269404
269405
269406
269407
269408
269409
269410
269411
269412
269413
269414
269415
269416
269417
269418
269419
269420
269421
269422
269423
269424
269425
269426
269427
269428
269429
269430
269431
269432
269433
269434
269435
269436
269437
269438
269439
269440
269441
269442
269443
269444
269445
269446
269447
269448
269449
269450
269451
269452
269453
269454
269455
269456
269457
269458
269459
269460
269461
269462
269463
269464
269465
269466
269467
269468
269469
269470
269471
269472
269473
269474
269475
269476
269477
269478
269479
269480
269481
269482
269483
269484
269485
269486
269487
269488
269489
269490
269491
269492
269493
269494
269495
269496
269497
269498
269499
269500
269501
269502
269503
269504
269505
269506
269507
269508
269509
269510
269511
269512
269513
269514
269515
269516
269517
269518
269519
269520
269521
269522
269523
269524
269525
269526
269527
269528
269529
269530
269531
269532
269533
269534
269535
269536
269537
269538
269539
269540
269541
269542
269543
269544
269545
269546
269547
269548
269549
269550
269551
269552
269553
269554
269555
269556
269557
269558
269559
269560
269561
269562
269563
269564
269565
269566
269567
269568
269569
269570
269571
269572
269573
269574
269575
269576
269577
269578
269579
269580
269581
269582
269583
269584
269585
269586
269587
269588
269589
269590
269591
269592
269593
269594
269595
269596
269597
269598
269599
269600
269601
269602
269603
269604
269605
269606
269607
269608
269609
269610
269611
269612
269613
269614
269615
269616
269617
269618
269619
269620
269621
269622
269623
269624
269625
269626
269627
269628
269629
269630
269631
269632
269633
269634
269635
269636
269637
269638
269639
269640
269641
269642
269643
269644
269645
269646
269647
269648
269649
269650
269651
269652
269653
269654
269655
269656
269657
269658
269659
269660
269661
269662
269663
269664
269665
269666
269667
269668
269669
269670
269671
269672
269673
269674
269675
269676
269677
269678
269679
269680
269681
269682
269683
269684
269685
269686
269687
269688
269689
269690
269691
269692
269693
269694
269695
269696
269697
269698
269699
269700
269701
269702
269703
269704
269705
269706
269707
269708
269709
269710
269711
269712
269713
269714
269715
269716
269717
269718
269719
269720
269721
269722
269723
269724
269725
269726
269727
269728
269729
269730
269731
269732
269733
269734
269735
269736
269737
269738
269739
269740
269741
269742
269743
269744
269745
269746
269747
269748
269749
269750
269751
269752
269753
269754
269755
269756
269757
269758
269759
269760
269761
269762
269763
269764
269765
269766
269767
269768
269769
269770
269771
269772
269773
269774
269775
269776
269777
269778
269779
269780
269781
269782
269783
269784
269785
269786
269787
269788
269789
269790
269791
269792
269793
269794
269795
269796
269797
269798
269799
269800
269801
269802
269803
269804
269805
269806
269807
269808
269809
269810
269811
269812
269813
269814
269815
269816
269817
269818
269819
269820
269821
269822
269823
269824
269825
269826
269827
269828
269829
269830
269831
269832
269833
269834
269835
269836
269837
269838
269839
269840
269841
269842
269843
269844
269845
269846
269847
269848
269849
269850
269851
269852
269853
269854
269855
269856
269857
269858
269859
269860
269861
269862
269863
269864
269865
269866
269867
269868
269869
269870
269871
269872
269873
269874
269875
269876
269877
269878
269879
269880
269881
269882
269883
269884
269885
269886
269887
269888
269889
269890
269891
269892
269893
269894
269895
269896
269897
269898
269899
269900
269901
269902
269903
269904
269905
269906
269907
269908
269909
269910
269911
269912
269913
269914
269915
269916
269917
269918
269919
269920
269921
269922
269923
269924
269925
269926
269927
269928
269929
269930
269931
269932
269933
269934
269935
269936
269937
269938
269939
269940
269941
269942
269943
269944
269945
269946
269947
269948
269949
269950
269951
269952
269953
269954
269955
269956
269957
269958
269959
269960
269961
269962
269963
269964
269965
269966
269967
269968
269969
269970
269971
269972
269973
269974
269975
269976
269977
269978
269979
269980
269981
269982
269983
269984
269985
269986
269987
269988
269989
269990
269991
269992
269993
269994
269995
269996
269997
269998
269999
270000
270001
270002
270003
270004
270005
270006
270007
270008
270009
270010
270011
270012
270013
270014
270015
270016
270017
270018
270019
270020
270021
270022
270023
270024
270025
270026
270027
270028
270029
270030
270031
270032
270033
270034
270035
270036
270037
270038
270039
270040
270041
270042
270043
270044
270045
270046
270047
270048
270049
270050
270051
270052
270053
270054
270055
270056
270057
270058
270059
270060
270061
270062
270063
270064
270065
270066
270067
270068
270069
270070
270071
270072
270073
270074
270075
270076
270077
270078
270079
270080
270081
270082
270083
270084
270085
270086
270087
270088
270089
270090
270091
270092
270093
270094
270095
270096
270097
270098
270099
270100
270101
270102
270103
270104
270105
270106
270107
270108
270109
270110
270111
270112
270113
270114
270115
270116
270117
270118
270119
270120
270121
270122
270123
270124
270125
270126
270127
270128
270129
270130
270131
270132
270133
270134
270135
270136
270137
270138
270139
270140
270141
270142
270143
270144
270145
270146
270147
270148
270149
270150
270151
270152
270153
270154
270155
270156
270157
270158
270159
270160
270161
270162
270163
270164
270165
270166
270167
270168
270169
270170
270171
270172
270173
270174
270175
270176
270177
270178
270179
270180
270181
270182
270183
270184
270185
270186
270187
270188
270189
270190
270191
270192
270193
270194
270195
270196
270197
270198
270199
270200
270201
270202
270203
270204
270205
270206
270207
270208
270209
270210
270211
270212
270213
270214
270215
270216
270217
270218
270219
270220
270221
270222
270223
270224
270225
270226
270227
270228
270229
270230
270231
270232
270233
270234
270235
270236
270237
270238
270239
270240
270241
270242
270243
270244
270245
270246
270247
270248
270249
270250
270251
270252
270253
270254
270255
270256
270257
270258
270259
270260
270261
270262
270263
270264
270265
270266
270267
270268
270269
270270
270271
270272
270273
270274
270275
270276
270277
270278
270279
270280
270281
270282
270283
270284
270285
270286
270287
270288
270289
270290
270291
270292
270293
270294
270295
270296
270297
270298
270299
270300
270301
270302
270303
270304
270305
270306
270307
270308
270309
270310
270311
270312
270313
270314
270315
270316
270317
270318
270319
270320
270321
270322
270323
270324
270325
270326
270327
270328
270329
270330
270331
270332
270333
270334
270335
270336
270337
270344
270345
270366
270367
270368
270369
270370
270371
270372
270373
270374
270375
270376
270377
270378
270379
270380
270381
270382
270383
270384
270385
270386
270387
270388
270389
270390
270391
270392
270393
270394
270395
270396
270397
270398
270399
270400
270401
270402
270403
270404
270405
270406
270407
270408
270409
270410
270411
270412
270413
270414
270415
270416
270417
270418
270419
270420
270421
270422
270423
270424
270425
270426
270427
270428
270429
270430
270431
270432
270433
270434
270435
270436
270437
270438
270439
270440
270441
270442
270443
270444
270445
270446
270447
270448
270449
270450
270451
270452
270453
270454
270455
270456
270457
270458
270459
270460
270461
270462
270463
270464
270465
270466
270467
270468
270469
270470
270471
270472
270473
270474
270475
270476
270477
270478
270479
270480
270481
270482
270483
270484
270485
270486
270487
270488
270489
270490
270491
270492
270493
270494
270495
270496
270497
270498
270499
270500
270501
270502
270503
270504
270505
270506
270507
270508
270509
270510
270511
270512
270513
270514
270515
270516
270517
270518
270519
270520
270521
270522
270523
270524
270525
270526
270527
270528
270529
270530
270531
270532
270533
270534
270535
270536
270537
270538
270539
270540
270541
270542
270543
270544
270545
270546
270547
270548
270549
270550
270551
270552
270553
270554
270555
270556
270557
270558
270559
270560
270561
270562
270563
270564
270565
270566
270567
270568
270569
270570
270571
270572
270573
270574
270575
270576
270577
270578
270579
270580
270581
270582
270583
270584
270585
270586
270587
270588
270589
270590
270591
270592
270593
270594
270595
270596
270597
270598
270599
270600
270601
270602
270603
270604
270605
270606
270607
270608
270609
270610
270611
270612
270613
270614
270615
270616
270617
270618
270619
270620
270621
270622
270623
270624
270625
