368
3678
3696
3703
3897
3904
3948
5688
5701
5811
5812
5913
5916
5920
6095
6244
6250
6259
6268
6296
6304
6307
6543
25140
30341
30397
30399
30434
30439
30452
32073
32185
32998
33020
33023
33032
33055
33059
33063
33139
33150
35719
35785
35813
35814
35815
35849
35853
35857
35860
35863
35867
35870
35890
37795
37796
38231
38277
40546
40992
40998
42775
42918
42938
42939
42940
42941
42942
42951
42952
42955
42958
42959
42975
42976
42977
42978
42983
42985
42998
43008
43030
43035
43039
43105
43108
43109
43113
43117
43118
43121
43122
43127
43129
43136
43141
43151
43152
43155
43159
43172
43189
43201
43202
45583
46054
46142
46198
47981
47982
47983
47984
47986
48008
48009
48016
48022
48023
48029
48034
48036
48044
48056
48065
48066
48067
48077
48082
48084
48089
48100
48103
48166
48168
48172
48179
48180
48188
48189
48195
48198
48199
48200
48213
48214
48216
48217
48226
48227
48232
48237
48238
48249
48257
48263
48266
48270
48274
48342
48349
48351
48355
48369
50990
50992
51015
52783
52784
52838
52863
52893
52899
52930
52939
52941
52953
52961
52962
52970
52971
52974
52976
52979
52981
52983
52985
52986
52987
52991
52992
52994
52997
52999
53000
53001
53005
53006
53007
53029
53057
53116
53125
53129
53130
53131
53138
53165
53166
53167
53176
53185
53217
53220
53223
55947
55982
57857
57955
58417
58427
61125
61127
61142
61146
61163
61259
63253
63282
63283
63284
63285
63287
63295
63296
63299
63302
63305
63310
63312
63316
63318
63324
63332
63715
65779
66162
66218
66222
66226
66234
66241
66318
66327
66334
66337
66340
66349
66355
66360
66363
66367
66373
66376
66379
66383
66389
66406
68159
68161
68191
68192
68351
68358
68393
68402
68404
68406
68410
68424
71297
72930
73127
73128
73135
73144
75685
75692
75718
75719
75720
75721
75722
75724
75809
75918
75921
75924
75940
77824
77909
85144
85146
85169
85262
85263
85269
85273
85277
85280
85502
88124
88151
89915
89924
90160
90161
90164
90169
90172
90173
90174
90177
90250
90251
90467
90623
90625
90661
91316
91336
93949
96394
96548
96576
96632
98386
98393
98407
98422
98430
98445
98446
98575
98617
101422
101436
101506
101520
101576
103291
103417
103487
103515
103543
103557
103599
103613
103655
103767
103781
108277
108417
108838
108853
108912
111210
111582
111600
111601
111620
111743
113313
113442
113443
113444
113445
113447
113455
113456
113457
113458
113463
113464
113465
113470
113473
113474
113475
113476
113477
113485
113487
113488
113490
113493
113495
113496
113499
113501
113502
113505
113509
113511
113513
113515
113519
113521
113523
113524
113525
113529
113530
113531
113535
113536
113540
113542
113544
113546
113550
113560
113562
113565
113571
113572
113573
113577
113578
113586
113588
113604
113631
113632
113638
113641
113646
113653
113657
113658
113664
113968
113969
113986
113989
113990
113991
113992
113993
113994
114001
114003
114005
114008
114010
114012
114013
114019
114021
114031
114032
114033
114039
114040
114043
114044
114047
114048
114051
114052
114056
114057
114065
114066
114071
114079
114080
114083
114084
114124
116309
116710
116727
116763
118793
118812
121265
123260
123410
123413
123422
123423
123424
123440
123441
123448
123449
123456
123460
123465
123466
123468
123471
123472
123475
123480
123484
123485
123496
123497
123498
123506
123509
123516
123520
123523
123524
123527
123532
123534
123538
123539
123540
123544
123545
123546
123550
123551
123552
123558
123560
123563
123565
123571
123574
123579
123592
123593
123597
123598
123601
123603
123604
123652
123660
123667
123668
123681
123682
123691
123694
123695
123703
123716
123724
123729
123748
126351
126409
126419
126430
128002
128184
128186
128212
128268
128309
128788
128789
128810
128811
128814
128824
128825
128831
128832
128833
128835
128870
128926
129003
129076
131132
135895
135935
135936
135960
135961
135976
135979
137732
137734
137756
137835
142891
152578
152621
152622
152628
152763
152781
154555
154594
154598
154604
154605
154620
154625
154786
154789
154829
154831
154832
154869
154871
154879
154890
154896
154912
154976
154977
154985
154996
155057
157994
159973
159983
163398
165171
165514
3249
3615
3625
3627
3677
3678
3679
3682
3683
3686
3691
3695
3696
3699
3703
3722
3742
3753
3764
3789
3797
3803
3823
3830
3859
3871
3875
3878
3881
3884
3888
3891
3897
3904
3908
3911
3914
3920
3926
3929
3932
3935
3937
3941
3944
3948
3954
3957
3960
3964
3967
3970
3973
3976
3983
5961
5975
6045
6201
25140
30370
31976
31986
32073
32155
32185
32186
32188
32194
32220
32221
32222
32232
32289
32290
32303
32305
32306
32307
32314
32316
32319
32336
32344
32739
32921
32923
32925
33012
33020
33024
33034
33042
33074
33078
33080
33123
33160
33179
33196
33209
33220
33226
33243
33268
35760
35813
35814
35815
35849
35853
38221
38247
38280
38282
38290
38299
38300
40546
40876
40913
40972
40982
40988
40992
40998
41006
41100
43014
43155
43173
43188
43284
43296
43301
45960
46173
46176
47815
47981
47983
48342
48349
48351
48359
48369
48372
51076
52624
52635
52783
52784
52785
52838
53242
53260
56029
57852
57988
58369
58414
61142
61271
61277
61282
61285
61289
61292
61295
61301
61304
61307
61310
61313
61316
61319
61321
61325
61328
61331
61338
63352
63685
66197
66241
66367
66376
66383
66389
66394
66397
66400
66403
66406
66409
66412
66415
66421
68259
68326
68342
68346
68523
68548
68550
68556
68562
70820
71246
71274
71278
71279
71282
71295
71296
71297
71305
71309
71310
71338
71350
75692
75897
75909
75949
77809
77816
77826
77838
78168
78184
78381
79441
79464
85169
85295
85309
85407
85463
85491
88236
90126
90149
90169
90256
90260
90415
90622
90678
91214
91249
91255
91256
91258
91259
91260
91271
91274
91278
91283
91309
91313
91316
91327
91336
91341
91355
91366
91375
94021
94027
94059
96015
96358
96469
96479
96497
96504
96554
96595
96608
98548
98552
98554
98555
98557
98559
98563
98565
98567
98568
98569
98573
98575
98577
98583
98584
98593
98596
98598
98600
98646
98702
99013
101055
101423
101441
103414
103417
103420
103427
103428
103432
103433
103434
103438
103441
103443
103447
103465
103543
103623
103638
103639
103661
103677
103695
103703
103746
103748
103769
103775
103785
108275
108276
108277
108282
108283
108284
108285
108286
108287
108288
108297
108298
108299
108300
108306
108310
108311
108324
108328
108486
108555
108856
108882
108883
108894
108897
108900
108912
108913
108917
108920
108921
108929
108932
108940
108949
108951
111676
113505
113546
113562
113573
113577
113653
114031
114032
114033
114040
114083
118793
119059
119087
119115
123410
123424
123466
123480
123550
123592
123648
128002
128016
128117
128118
128119
128121
128138
128140
128145
128147
128149
128152
128154
128155
128161
128164
128168
128169
128173
128175
128184
128186
128190
128191
128195
128197
128198
128205
128207
128210
128212
128215
128236
128237
128239
128240
128241
128246
128251
128267
128268
128276
128279
128293
128295
128297
128299
128303
128307
128309
128311
128316
128320
128324
128327
128330
128332
128346
128814
128851
128893
128993
129063
133322
133401
137733
137796
137797
137807
137813
137815
137816
137819
137820
137835
137843
137847
137851
137852
137861
137865
137867
137871
137874
137885
137886
137906
137912
137913
137976
137982
137998
137999
138006
138007
138020
138043
138061
138080
142784
152723
152738
152766
152775
152796
152802
152814
154599
154605
154726
154733
154734
154749
154760
154781
154782
154786
154789
154792
154793
154796
154799
154813
154829
154831
154832
154840
154841
154851
154852
154853
154863
154869
154871
154879
154890
154891
154896
154899
154912
154913
154954
154964
154969
154976
154979
154983
154984
154985
154987
154989
154996
154998
155057
155696
157994
159973
159983
160577
163360
163379
163396
163398
165171
165210
168260
168262
168263
168264
168270
168271
168311
168312
168315
169692
169732
170058
170060
170072
170074
170096
170097
170112
170114
170117
170118
170119
170120
170121
170131
170135
170137
170138
170139
170140
170148
170150
170162
170171
170175
170177
170179
170182
170210
170216
170218
170240
170249
170251
174107
174122
174236
174683
174705
174725
174727
174776
174883
177479
177480
177501
179229
182268
182325
182347
182365
182385
182405
182427
182445
182465
182507
182527
182567
182618
182634
182691
184826
184859
184866
185182
185323
187735
187775
190349
190411
190413
190415
190417
190421
190423
190425
190436
190437
190446
190456
190458
190462
190485
190685
190692
190695
190721
190969
190985
190987
191003
191007
191017
191032
191037
191425
193184
194164
194205
194326
194506
194515
194516
194531
195450
196046
196050
199664
201153
201154
201188
201389
202146
202198
202209
202210
202211
202214
202218
202221
202224
202227
202229
202230
202231
202238
202243
202244
202251
202257
202258
202260
202261
202266
202270
202271
202273
202281
202282
202283
202284
202294
202296
202297
202300
202302
202303
202325
202327
202339
202340
202361
202362
202400
202562
202563
202565
202566
202571
202572
202575
202590
202595
202596
202601
202606
202624
202627
202647
202666
202671
202685
202739
203701
204499
204686
204687
204688
204699
204700
204707
204712
204717
204719
204730
204732
204737
204738
204742
204743
204746
205125
205225
205227
205228
205229
205236
205239
205241
205246
205248
205257
205261
205264
205266
205272
205274
205284
205294
206100
206143
206356
206359
206362
207227
207228
207242
207247
207248
207249
207251
207255
207256
207259
207260
207264
207267
207268
207272
207279
207288
207290
207292
207306
207308
207310
207311
207386
207388
207390
207444
207446
207464
207465
207470
207471
207482
207486
207490
207504
207507
207512
207517
207526
207529
207538
207541
207622
207701
207702
207705
207780
207781
207791
207792
207814
207815
207816
207827
208072
208073
208075
208076
208167
208182
208183
208315
208316
208320
208359
208364
208366
208368
208372
208375
208377
208379
208381
208383
208386
208390
208422
208464
208466
208482
208483
208486
208521
208532
208534
208536
208538
208540
208542
208547
208549
208555
208585
208586
208588
208592
208611
208615
208617
208618
208619
208626
208628
208630
208639
208643
208645
208646
208652
208653
208656
208662
208664
208665
208666
208668
208678
208682
208683
208685
208686
208687
208690
208691
208692
208693
208694
208695
208697
208698
208699
208700
208701
208702
208703
208707
208708
208709
208711
208713
208714
208715
208716
208717
208718
208719
208720
208721
208723
208726
208727
208730
208731
208732
208734
208735
208736
208737
208738
208740
208741
208742
208743
208744
208749
208751
208752
208774
208992
208993
208995
208996
209059
209061
209090
209142
209212
209234
209279
209284
209286
209288
209292
209295
209297
209299
209301
209303
209306
209310
209342
209384
209386
209389
209404
209406
209441
209452
209454
209456
209458
209460
209462
209467
209469
209475
209505
209506
209508
209512
209530
209534
209536
209537
209538
209542
209547
209549
209558
209559
209563
209565
209566
209573
209575
209577
209583
209584
209585
209587
209588
209590
209600
209606
209607
209609
209610
209611
209612
209613
209615
209616
209617
209621
209622
209623
209625
209628
209629
209630
209631
209632
209633
209634
209635
209636
209638
209641
209642
209644
209645
209647
209649
209650
209651
209652
209653
209655
209656
209657
209658
209659
209663
209664
209665
209667
209668
209670
209671
209672
209673
209674
209676
209677
209679
209680
209681
209893
209894
209896
209902
209980
209994
209996
210035
210036
210044
210052
210054
210056
210062
210063
210065
210067
210069
210071
210073
210090
210092
210126
210165
210177
210182
210282
210293
210320
210322
210377
210382
210416
210453
210457
210459
210464
210476
210622
210624
210626
210746
210768
210770
210796
210798
210800
210813
210817
210831
210832
210836
210837
210848
210977
210987
210988
210992
210994
211001
211009
211010
211013
211015
211022
211041
211043
211045
211047
211049
211051
211053
211055
211061
211070
211084
211094
211124
211127
211135
211136
211138
211139
211304
211309
211310
211319
211335
211415
211419
211420
211530
211532
211566
211597
211598
211599
211600
211601
211602
211603
211604
211605
211611
211612
211613
211614
211615
211616
211617
211618
211619
211620
211621
211622
211623
211624
211625
211626
211627
211628
211629
211630
211631
211632
211633
211634
211635
211636
211637
211638
211639
211640
211641
211642
211643
211644
211645
211646
211647
211648
211649
211650
211651
211652
211653
211654
211655
211656
211657
211658
211659
211671
211673
211693
211748
211749
211770
211793
211833
211834
211835
211837
211844
211850
211851
211852
211853
211856
211858
211859
211878
211880
211881
211885
211886
211890
211913
211916
211917
211918
211919
211920
211921
211923
211924
211928
211929
211930
211931
211936
211937
211938
211939
211941
211942
211943
211944
211945
211946
211947
211948
211949
211950
211969
211975
211976
211978
211980
211988
211989
211990
211991
211992
211993
211995
211997
211998
211999
212000
212001
212002
212004
212005
212006
212007
212009
212010
212011
212012
212013
212014
212015
212016
212017
212018
212019
212020
212021
212022
212023
212024
212025
212026
212027
212028
212029
212030
212031
212032
212033
212034
212035
212042
212043
212044
212048
212063
212066
212067
212068
212069
212070
212071
212107
212108
212129
212130
212132
212133
212138
212139
212141
212142
212144
212146
212147
212148
212150
212151
212152
212153
212154
212155
212156
212158
212159
212160
212161
212162
212163
212164
212165
212167
212168
212171
212172
212173
212174
212175
212176
212177
212178
212179
212180
212181
212182
212184
212185
212186
212187
212188
212190
212191
212192
212193
212194
212196
212197
212199
212200
212201
212203
212206
212207
212209
212210
212221
212223
212226
212227
212228
212234
212235
212236
212238
212239
212241
212242
212244
212245
212246
212247
212250
212251
212252
212253
212254
212255
212257
212275
212280
212305
212316
212318
212320
212321
212322
212323
212329
212332
212333
212334
212341
212342
212343
212345
212346
212347
212348
212350
212352
212353
212355
212356
212379
212380
212381
212382
212383
212384
212387
212388
212389
212436
212438
212439
212440
212637
212639
212641
212642
212644
212655
212711
212713
212717
212719
212773
212779
212781
212782
212784
212786
212788
212790
212792
212795
212811
212813
212872
212888
212967
212969
213006
213008
213010
213012
213013
213014
213217
213222
213223
213224
213226
213227
213228
213229
213231
213269
213273
213274
213405
213458
213471
213493
213546
213549
213551
213585
213591
213592
213594
213599
213600
213622
213628
213665
213666
213667
213668
213669
213670
213682
213684
213686
213691
213692
213693
213704
213705
213707
213708
213709
213710
213711
213712
213713
213714
213715
213716
213717
213718
213719
213720
213721
213722
213723
213724
213725
213726
213727
213728
213729
213730
213731
213733
213734
213735
213736
213737
213738
213739
213740
213741
213742
213743
213744
213745
213746
213747
213748
213749
213750
213751
213760
213761
213762
213763
213765
213766
213767
213768
213769
213770
213771
213772
213773
213774
213775
213776
213777
213778
213780
213781
213800
213802
213803
213804
213805
213806
213807
213809
213810
213811
213812
213813
213814
213815
213816
213818
213819
213820
213821
213822
213823
213824
213825
213826
213827
213828
213829
213830
213831
213832
213833
213834
213835
213836
213837
213838
213839
213840
213841
213842
213843
213844
213845
213846
213848
213850
213851
213852
213853
213854
213855
213856
213857
213858
213859
213860
213861
213862
213863
213864
213865
213866
213867
213868
213869
213870
213871
213872
213873
213874
213875
213876
213877
213878
213879
213880
213884
213885
213886
213887
213888
213890
213891
213892
213893
213894
213896
213897
213898
213899
213900
213901
213902
213903
213905
213910
213911
213912
213913
213915
213916
213919
213920
213921
213922
213923
213924
213925
213926
213938
213941
213942
213943
213944
213946
213947
213949
213950
213952
213953
213954
213955
213956
213957
213958
213959
213960
213961
213962
213963
213964
213965
213966
213968
213969
213970
213971
213972
213973
213977
213978
213979
213980
213981
213982
213983
213984
213985
213986
213987
213988
213989
213990
213992
213993
213994
213996
213997
213998
214057
214074
214075
214076
214077
214078
214082
214088
214097
214098
214099
214100
214101
214102
214103
214104
214105
214106
214107
214108
214109
214110
214111
214112
214113
214114
214115
214116
214117
214118
214119
214120
214121
214122
214131
214132
214134
214135
214136
214137
214138
214139
214140
214141
214142
214143
214144
214145
214146
214147
214148
214149
214150
214151
214152
214156
214157
214158
214159
214160
214161
214162
214163
214164
214165
214166
214167
214168
214169
214170
214171
214172
214173
214174
214175
214176
214177
214178
214179
214180
214181
214182
214183
214184
214185
214186
214187
214188
214189
214190
214191
214192
214193
214194
214195
214196
214197
214198
214199
214200
214201
214202
214203
214204
214205
214206
214207
214208
214209
214210
214211
214212
214213
214214
214215
214216
214217
214218
214219
214220
214221
214222
214223
214224
214225
214226
214227
214228
214229
214230
214231
214232
214233
214234
214235
214236
214237
214238
214239
214240
214241
214242
214243
214244
214245
214246
214247
214248
214249
214250
214254
214255
214261
214268
214344
214345
214355
214357
214358
214361
214362
214363
214364
214365
214367
214368
214369
214379
214385
214386
214387
214388
214389
214390
214391
214398
214399
214401
214402
214403
214404
214405
214406
214407
214409
214410
214411
214412
214413
214414
214415
214416
214417
214418
214426
214427
214428
214429
214430
214431
214432
214433
214434
214435
214443
214444
214445
214448
214449
214450
214464
214465
214466
214467
214468
214469
214470
214471
214472
214473
214482
214483
214496
214503
214506
214511
214515
214518
214523
214525
214527
214530
214531
214532
214535
214537
214544
214545
214546
214548
214549
214760
214761
214763
214769
214860
214861
214863
214902
214909
214911
214919
214921
214923
214929
214930
214932
214934
214936
214938
214940
214957
214959
214994
215033
215045
215047
215149
215153
215190
215192
215248
215253
215287
215324
215328
215330
215335
215346
215493
215495
215497
215617
215636
215638
215665
215667
215669
215683
215684
215699
215700
215704
215705
215715
215843
215853
215854
215858
215860
215867
215875
215879
215881
215901
215906
215908
215910
215912
215914
215916
215918
215920
215923
215929
215930
215939
215953
215961
215992
215995
216002
216003
216006
216007
216173
216179
216180
216188
216189
216204
216287
216290
216401
216403
216418
216437
216468
216469
216470
216471
216472
216473
216474
216475
216476
216477
216478
216479
216480
216481
216482
216483
216484
216485
216486
216487
216492
216493
216494
216495
216496
216497
216498
216499
216500
216501
216502
216503
216504
216505
216506
216507
216508
216509
216510
216511
216512
216513
216514
216515
216516
216517
216518
216519
216520
216521
216522
216523
216524
216525
216526
216527
216528
216529
216545
216566
216616
216618
216625
216657
216671
216673
216674
216675
216691
216692
216698
216699
216702
216704
216705
216733
216735
216736
216742
216743
216744
216773
216775
216779
216780
216781
216782
216783
216784
216788
216795
216797
216800
216801
216802
216803
216805
216807
216811
216812
216815
216816
216817
216818
216819
216820
216833
216834
216838
216839
216840
216841
216842
216843
216844
216845
216846
216848
216861
216863
216864
216865
216866
216867
216868
216910
216924
216925
216927
216928
216929
216930
216935
216936
216937
216939
216940
216941
216942
216943
216944
216945
216946
216947
216948
216949
216950
216951
216952
216953
216954
216955
216956
216957
216958
216959
216960
216961
216963
216965
216966
216967
216968
216970
216974
216986
216987
216988
216989
216994
216996
216998
216999
217000
217003
217004
217005
217006
217008
217009
217011
217013
217014
217016
217017
217018
217019
217025
217026
217027
217028
217029
217031
217032
217033
217034
217035
217036
217037
217038
217039
217040
217041
217042
217043
217044
217045
217046
217048
217049
217050
217051
217072
217084
217118
217143
217148
217154
217155
217160
217161
217162
217163
217164
217165
217166
217173
217179
217183
217184
217186
217187
217188
217189
217200
217201
217202
217203
217205
217206
217209
217210
217211
217246
217247
217270
217271
217272
217273
217468
217471
217473
217474
217476
217487
217542
217547
217549
217556
217610
217611
217615
217616
217618
217620
217622
217624
217626
217629
217645
217647
217706
217722
217800
217802
217838
217840
217842
217844
217845
217846
218049
218054
218055
218056
218058
218059
218060
218061
218063
218101
218105
218106
218237
218290
218303
218325
218378
218381
218383
218417
218423
218424
218425
218427
218433
218434
218451
218459
218541
218543
218545
218546
218547
218548
218549
218550
218552
218553
218554
218555
218556
218558
218559
218560
218562
218563
218564
218565
218566
218567
218568
218569
218570
218571
218574
218575
218576
218578
218579
218580
218581
218582
218583
218584
218585
218586
218587
218588
218589
218590
218591
218592
218593
218594
218595
218596
218597
218598
218599
218600
218601
218602
218603
218604
218605
218607
218608
218609
218610
218611
218612
218613
218614
218615
218616
218617
218618
218619
218620
218621
218622
218623
218624
218625
218626
218627
218628
218629
218630
218631
218632
218633
218634
218635
218636
218637
218638
218639
218640
218641
218642
218643
218644
218646
218647
218648
218649
218650
218651
218652
218653
218654
218655
218656
218657
218658
218659
218660
218661
218662
218663
218664
218665
218666
218667
218671
218674
218675
218683
218685
218686
218688
218689
218690
218691
218692
218693
218694
218695
218696
218697
218698
218699
218700
218701
218702
218703
218704
218705
218706
218707
218708
218709
218710
218711
218712
218713
218714
218715
218716
218717
218718
218719
218720
218721
218722
218723
218724
218725
218726
218727
218729
218730
218731
218732
218733
218734
218735
218736
218737
218738
218739
218740
218742
218743
218744
218746
218747
218751
218752
218753
218754
218755
218756
218757
218758
218759
218760
218761
218763
218765
218766
218767
218768
218769
218771
218773
218774
218775
218776
218777
218778
218779
218780
218781
218782
218783
218784
218785
218786
218787
218788
218789
218790
218791
218792
218793
218794
218795
218796
218797
218798
218799
218800
218802
218803
218804
218805
218806
218807
218810
218811
218812
218813
218814
218815
218816
218817
218818
218819
218820
218821
218822
218823
218824
218825
218826
218827
218828
218829
218833
218834
218835
218836
218950
218952
218953
218955
218956
218958
218977
218979
219071
219072
219083
219084
219085
219086
219091
219093
219144
219152
219159
219160
219162
219163
219164
219171
219174
219176
219178
219180
219181
219182
219183
219184
219185
219191
219192
219193
219195
219196
219197
219199
219200
219203
219204
219205
219207
219209
219210
219211
219212
219214
219216
219217
219224
219229
219233
219235
219237
219240
219244
219246
219247
219248
219251
219254
219260
219262
219263
219264
219265
219266
219268
219269
219271
219272
219273
219274
219275
219277
219278
219279
219280
219282
219283
219285
219286
219287
219288
219289
219291
219292
219294
219295
219296
219297
219298
219300
219301
219303
219304
219305
219306
219328
219546
219547
219549
219550
219613
219644
219657
219786
219790
219791
219833
219838
219840
219842
219846
219849
219851
219853
219855
219857
219860
219864
219896
219938
219940
219941
219958
219960
219995
220006
220008
220010
220012
220014
220016
220021
220023
220029
220059
220060
220062
220066
220085
220087
220089
220090
220091
220098
220100
220102
220111
220112
220116
220118
220119
220125
220126
220127
220312
220317
220318
220319
220321
220322
220323
220324
220326
220364
220368
220369
220491
220529
220542
220564
220602
220604
220607
220608
220613
220615
220616
220618
220628
220632
220633
220635
220636
220639
220640
220641
220642
220643
220645
220646
220647
220648
220649
220650
220651
220652
220653
220655
220660
220661
220662
220663
220664
220665
220666
220667
220668
220670
220672
220673
220674
220675
220677
220678
220679
220680
220682
220685
220686
220688
220689
220691
220693
220694
220695
220696
220697
220699
220700
220705
220707
220708
220709
220710
220711
220712
220714
220715
220717
220718
220719
220720
220722
220723
220724
220784
220785
220795
220796
220859
220860
220879
220881
220882
220883
220884
220885
220910
220911
220912
220919
220926
220927
220940
220947
220955
220963
220971
220978
220979
220996
221008
221022
221050
221065
221093
221108
221122
221136
221150
221164
221178
221192
221206
221220
221234
221248
221262
221276
221290
221304
221318
221332
221346
221360
221374
221388
221402
221416
221430
221444
221458
221472
221486
221500
221514
221528
221542
221556
221570
221584
221598
221612
221626
221640
221654
221668
221682
221696
221710
221724
221738
221752
221780
221795
221823
221838
221852
221859
221871
221878
221890
221918
221933
221961
221976
222004
222019
222047
222062
222090
222105
222121
222128
222140
222154
222168
222169
222170
222186
222209
222246
222247
222248
222249
222268
222269
222270
222271
222355
222362
222374
222381
222383
222384
222412
222413
222423
222424
222425
222443
222444
222470
222471
222472
222481
222482
222483
222501
222502
222503
222521
222522
222523
222541
222542
222543
222561
222562
222563
222581
222582
222583
222601
222602
222603
222621
222622
222623
222721
222722
222723
222724
222725
222774
222775
222782
222791
222792
222801
222802
222811
222812
222821
222822
222823
222841
222842
222868
222869
222870
222879
222880
222881
222899
222900
222901
222919
222920
222921
222939
222940
222941
222959
222960
222961
222979
222980
222981
222999
223000
223001
223019
223020
223021
223039
223040
223041
223059
223060
223061
223079
223080
223081
223099
223100
223101
223119
223120
223121
223122
223123
223172
223183
223193
223194
223195
223202
223203
223204
223229
223230
223231
223291
223292
223302
223303
223312
223367
223368
223387
223389
223390
223391
223392
223393
223418
223419
223420
223427
223434
223435
223448
223455
223463
223471
223479
223486
223487
223504
223516
223530
223558
223573
223601
223616
223630
223644
223658
223672
223686
223700
223714
223728
223742
223756
223770
223784
223798
223812
223826
223840
223854
223868
223882
223896
223910
223924
223938
223952
223966
223980
223994
224008
224022
224036
224050
224064
224078
224092
224106
224120
224134
224148
224162
224176
224190
224204
224218
224232
224246
224260
224288
224303
224331
224346
224360
224367
224379
224386
224469
224484
224512
224527
224555
224570
224598
224613
224629
224636
224648
224662
224676
224683
224695
224702
224704
224705
224733
224734
224744
224745
224746
224764
224765
224791
224792
224793
224802
224803
224804
224822
224823
224824
224842
224843
224844
224862
224863
224864
224882
224883
224884
224902
224903
224904
224922
224923
224924
224942
224943
224944
224962
224963
224964
224982
224983
224984
225002
225003
225004
225022
225023
225024
225042
225043
225044
225045
225046
225095
225096
225103
225112
225113
225122
225123
225132
225133
225142
225143
225144
225162
225163
225189
225190
225191
225200
225201
225202
225220
225221
225222
225240
225241
225242
225260
225261
225262
225280
225281
225282
225300
225301
225302
225320
225321
225322
225340
225341
225342
225360
225361
225362
225380
225381
225382
225400
225401
225402
225420
225421
225422
225440
225441
225442
225443
225444
225493
225494
225505
225515
225516
225517
225524
225525
225526
225551
225552
225553
225613
225614
225624
225625
225634
225689
225690
225709
225711
225712
225713
225714
225715
225740
225741
225742
225749
225756
225757
225770
225777
225785
225793
225801
225808
225809
225826
225838
225852
225880
225895
225923
225938
225952
225966
225980
225994
226008
226022
226036
226050
226064
226078
226092
226106
226120
226134
226148
226162
226176
226190
226204
226218
226232
226246
226260
226274
226288
226302
226316
226330
226344
226358
226372
226386
226400
226414
226428
226442
226456
226470
226484
226498
226512
226526
226540
226554
226568
226582
226610
226625
226653
226668
226682
226689
226701
226708
226720
226748
226763
226791
226806
226834
226849
226877
226892
226920
226935
226951
226958
226970
226984
226998
227005
227017
227024
227026
227027
227055
227056
227066
227067
227068
227086
227087
227113
227114
227115
227124
227125
227126
227144
227145
227146
227164
227165
227166
227184
227185
227186
227204
227205
227206
227224
227225
227226
227244
227245
227246
227264
227265
227266
227284
227285
227286
227304
227305
227306
227324
227325
227326
227344
227345
227346
227364
227365
227366
227367
227368
227417
227418
227425
227434
227435
227444
227445
227454
227455
227464
227465
227466
227484
227485
227511
227512
227513
227522
227523
227524
227542
227543
227544
227562
227563
227564
227582
227583
227584
227602
227603
227604
227622
227623
227624
227642
227643
227644
227662
227663
227664
227682
227683
227684
227702
227703
227704
227722
227723
227724
227762
227763
227764
227765
227766
227815
227826
227836
227837
227838
227845
227846
227847
227872
227873
227875
227876
227877
227878
227905
227912
227922
227923
227949
227950
227970
227977
227978
227979
227980
228009
228016
228017
228018
228020
228021
228043
228261
228262
228264
228265
228356
228371
228372
228501
228502
228509
228548
228553
228555
228557
228561
228564
228566
228568
228570
228572
228575
228579
228611
228653
228655
228667
228673
228675
228710
228721
228723
228725
228727
228729
228731
228736
228738
228744
228774
228775
228777
228781
228800
228802
228804
228805
228806
228813
228815
228817
228826
228830
228832
228833
228839
228840
228841
229026
229031
229032
229033
229035
229036
229037
229038
229040
229078
229205
3722
3742
3753
3764
3823
3830
3878
3908
3914
3970
3973
3976
5811
5812
5813
5816
5901
5903
5910
5969
5971
5979
5983
5986
5987
5993
5996
5997
6002
6004
6005
6007
6013
6014
6015
6022
6025
6026
6030
6043
6045
6053
6069
6075
6096
6100
6155
6156
6175
6176
6184
6188
6244
6258
6259
6268
7699
7705
7739
8561
8644
8649
8677
27463
30293
30340
30341
30343
30350
30351
30352
30353
30354
30365
31976
31986
32073
32074
32076
32130
32132
32140
32142
32145
32149
32150
32155
32158
32166
32170
32172
32178
32185
32186
32188
32193
32194
32196
32203
32220
32221
32222
32223
32233
32251
32289
32290
32303
32306
32307
32308
32330
32339
32342
33055
33215
35678
35728
35730
37548
37593
37594
37618
37620
37623
37625
37654
37656
37659
37667
37668
37677
37678
37685
37768
38240
38268
38282
40923
41161
42952
43023
43051
43079
43093
43121
43135
43149
43191
43289
45935
46020
46173
46201
48007
48035
48077
48105
48119
48147
48189
48217
48259
48273
48315
51031
51046
51079
52624
52635
52783
52784
52785
52838
52839
52862
52863
52878
52882
52883
52884
52885
52886
52893
52897
52898
52899
52904
52905
52906
52914
52915
52916
52924
52927
52930
52934
52935
52938
52939
52941
52953
52961
52962
52970
52971
52974
52976
52979
52981
52983
52985
52986
52987
52991
52992
52994
52997
52999
53000
53001
53005
53006
53007
53011
53012
53013
53018
53020
53021
53024
53026
53027
53029
53035
53057
53063
53065
53116
53125
53126
53129
53130
53131
53138
53165
53166
53167
53175
53176
53185
53187
53188
53190
53206
53211
53214
53217
53220
53223
53230
53232
53234
53242
53243
53249
53251
53254
53260
53263
53267
55581
55919
55947
55948
55950
55952
55953
55967
55968
55969
55978
55979
55982
55983
55987
55992
55997
55998
56001
56022
56029
56031
56032
56039
56048
56060
56064
56068
56071
56074
56077
56080
56083
56089
56092
56095
56098
56101
56104
56111
57673
57687
57790
57791
57792
57794
57798
57799
57800
57801
57802
57803
57804
57810
57811
57812
57813
57820
57821
57824
57825
57828
57834
57838
57839
57842
57844
57846
57851
57852
57853
57857
57861
57864
57866
57868
57869
57871
57874
57876
57878
57879
57880
57883
57884
57886
57888
57890
57903
57904
57908
57911
57925
57927
57928
57937
57942
57953
57955
57967
57968
57971
57980
57981
57986
57988
57990
57991
57998
58351
58354
58366
58369
58370
58372
58373
58381
58383
58384
58387
58388
58391
58393
58395
58414
58416
58417
58424
58427
58429
58431
58433
58442
58446
58447
58450
58451
58462
58464
58473
58475
58477
58479
58522
61146
61328
63305
63613
63641
66157
66271
66421
68050
68217
68387
68404
68425
68427
71274
71278
71279
71282
71295
71296
71297
71309
71310
71338
71350
73100
73113
73126
73128
75722
75881
75888
75891
75895
75897
75901
75905
75909
75912
75915
75918
75921
75924
75927
75930
75934
75937
75940
75943
75946
75949
75952
75955
75958
75961
75964
75967
75970
75973
75979
77860
78171
79436
79441
79464
82914
83255
85135
85336
85338
85457
85491
85495
88137
88164
88179
88189
88267
88271
88277
88280
88295
88304
88307
90105
90126
90149
90160
90169
90172
90173
90174
90195
90197
90204
90207
90213
90218
90219
90226
90230
90238
90239
90378
90401
90445
90568
91214
91256
91313
91341
96391
96402
96403
96479
96519
96579
96620
96639
98231
98392
98467
98493
98518
98519
98534
98535
98548
98555
98563
98579
98730
98744
101418
101572
101600
103464
103478
103576
106477
106490
108352
108379
108381
108385
108390
108483
108825
113474
113485
113488
113530
113531
113968
113969
113986
113990
113991
113992
113993
113994
114003
114008
114010
114012
114013
114019
114021
114031
114032
114033
114039
114040
114043
114044
114047
114048
114051
114052
114056
114057
114065
114066
114071
114080
118773
118775
118777
119078
119079
119086
119087
119088
119094
119096
119103
119106
119115
119128
119131
119133
119134
119144
119145
119148
119155
119156
119161
123441
123523
123539
123660
123664
128002
128016
128145
128147
128205
128887
128925
128929
128933
131132
131502
131585
133347
133352
133357
133358
133359
133365
135574
135960
135961
135971
135979
135987
136003
137777
137861
137998
137999
138018
138020
138031
138039
138043
138045
138046
138059
142864
142869
152633
152814
154594
154598
154636
154640
154641
154913
154979
155596
155602
155603
155604
155609
155610
155613
155615
155617
155623
155630
155642
155781
158408
158409
158410
158413
158414
158421
158423
160561
160563
160565
160577
160578
160579
160636
160904
163398
163464
165499
165506
165514
168312
168331
169732
170057
170058
170060
170072
170074
170096
170097
170117
170118
170135
170137
170138
170139
170140
170148
170152
170162
170171
170173
170175
170177
170179
170182
170205
170210
170211
170216
170218
170219
172512
172802
174160
174167
174174
174639
174641
174658
174660
174661
174673
174675
174677
174678
174679
174683
174686
174690
174691
174692
174693
174696
174702
174705
174706
174708
174711
174713
174715
174717
174719
174721
174725
174727
174731
174736
174743
174744
174745
174746
174748
174749
174753
174759
174762
174763
174767
174795
174797
174798
177479
177487
179253
179288
179305
179307
182264
182266
182268
182270
182276
182290
182309
182325
182340
182347
182365
182421
182495
182498
182501
182504
182527
182536
182561
182564
182573
182576
182581
182585
182589
182598
182605
182609
182612
182615
182621
182624
182627
182631
182634
182691
184671
184813
184887
184904
185218
187326
187680
187737
187739
187750
187770
187775
189995
190352
190394
190682
190985
190987
193048
193184
194155
194157
194159
194160
194164
194170
194176
194183
194187
194194
194197
194205
194208
194211
194219
194222
194225
194318
194326
194349
194353
194365
194375
194379
194506
194511
194512
194515
194516
194517
194519
194559
194650
196050
196051
196228
198742
198745
198747
198791
199626
199636
199637
199645
199648
199649
199653
199654
199655
199663
199664
199665
199673
199675
199676
199683
199686
199691
199693
199699
199703
199713
199721
199722
199724
199729
199731
199733
199746
199747
199756
199761
199762
199765
199766
199769
199777
199778
199781
199785
199787
199803
201138
201139
201152
201154
201187
201197
201206
201213
201248
201293
201294
201481
202146
202218
202227
202271
202512
202708
202713
202729
202784
202797
202886
204579
204686
204717
204752
205241
206175
206189
206193
206234
206242
206250
206276
206285
206499
207196
207222
207223
207230
207232
207235
207239
207247
207248
207249
207251
207260
207263
207264
207267
207272
207279
207308
207309
207311
207319
207320
207324
207325
207328
207330
207334
207337
207344
207350
207359
207360
207361
207376
207386
207414
207470
207993
207994
207995
208000
208004
208061
208066
208075
208076
208082
208084
208086
208088
208090
208093
208109
208111
208170
208186
208263
208265
208303
208305
208307
208309
208310
208311
208514
208519
208520
208521
208523
208524
208525
208526
208528
208566
208570
208571
208702
208755
208768
208790
208843
208846
208848
208882
208887
208889
208890
208893
208898
208899
208900
208903
208904
208905
208907
208912
209035
209084
209085
209086
209088
209089
209090
209091
209092
209093
209095
209096
209097
209098
209103
209104
209105
209123
209140
209143
209144
209147
209148
209154
209155
209156
209157
209158
209159
209167
209168
209169
209170
209172
209173
209174
209175
209176
209177
209178
209179
209180
209181
209185
209186
209187
209188
209189
209190
209192
209193
209194
209195
209196
209197
209199
209200
209201
209202
209203
209205
209206
209211
209213
209215
209234
209236
209237
209238
209239
209250
209251
209252
209253
209254
209255
209256
209257
209258
209259
209260
209261
209262
209279
209280
209281
209282
209283
209284
209285
209286
209287
209288
209289
209290
209291
209292
209293
209299
209300
209301
209302
209303
209304
209306
209307
209308
209310
209311
209312
209314
209315
209316
209317
209319
209320
209321
209322
209324
209325
209326
209327
209328
209329
209330
209331
209332
209333
209334
209335
209336
209337
209338
209340
209342
209345
209347
209348
209349
209350
209351
209352
209353
209354
209355
209356
209358
209359
209360
209361
209362
209363
209364
209366
209367
209369
209371
209372
209373
209374
209375
209376
209377
209378
209379
209380
209381
209382
209383
209384
209385
209386
209387
209388
209389
209390
209392
209393
209394
209395
209399
209400
209403
209404
209405
209406
209407
209408
209409
209411
209412
209413
209414
209415
209416
209417
209418
209419
209421
209423
209425
209426
209427
209428
209429
209430
209431
209434
209436
209437
209438
209439
209440
209441
209442
209443
209459
209461
209462
209463
209464
209465
209466
209467
209468
209469
209470
209471
209472
209473
209474
209475
209478
209479
209480
209482
209483
209484
209485
209486
209487
209488
209489
209490
209491
209492
209493
209494
209495
209496
209499
209500
209501
209502
209504
209505
209506
209507
209508
209509
209510
209511
209512
209513
209514
209515
209516
209517
209518
209519
209520
209521
209522
209523
209524
209525
209526
209528
209529
209530
209531
209532
209533
209534
209535
209536
209537
209540
209543
209544
209545
209546
209547
209548
209549
209550
209551
209552
209553
209554
209564
209565
209586
209588
209589
209590
209591
209592
209593
209594
209595
209596
209597
209598
209599
209600
209601
209602
209603
209604
209605
209607
209608
209609
209610
209611
209612
209614
209616
209623
209626
209627
209630
209631
209632
209633
209634
209638
209639
209640
209646
209655
209658
209672
209674
209676
209681
209729
209730
209731
209732
209733
209734
209742
209743
209752
209753
209767
209768
209769
209771
209772
209773
209775
209776
209777
209778
209779
209780
209781
209782
209783
209785
209786
209792
209805
209806
209807
209809
209810
209814
209820
209835
209837
209839
209840
209841
209842
209843
209844
209845
209847
209848
209849
209850
209851
209852
209853
209854
209855
209856
209857
209858
209859
209860
209861
209862
209863
209864
209865
209867
209868
209869
209870
209871
209872
209873
209874
209875
209876
209877
209878
209879
209880
209881
209882
209883
209884
209885
209886
209887
209888
209889
209890
209891
209892
209893
209894
209895
209896
209897
209898
209900
209901
209902
209903
209904
209905
209906
209907
209908
209909
209910
209911
209913
209914
209915
209916
209917
209918
209919
209920
209921
209922
209923
209924
209925
209926
209927
209928
209929
209930
209931
209932
209933
209934
209935
209936
209937
209941
209943
209944
209945
209946
209947
209950
209951
209952
209953
209954
209955
209956
209957
209958
209959
209960
209961
209962
209963
209964
209968
209969
209970
209971
209972
209973
209974
209975
209977
209978
209979
209980
209981
209982
209983
209984
209985
209987
209988
209989
209990
209991
209992
209993
209994
209995
209996
209997
209998
209999
210000
210001
210002
210003
210005
210006
210007
210008
210009
210010
210011
210012
210013
210014
210015
210016
210017
210018
210019
210020
210021
210022
210023
210024
210025
210028
210034
210035
210036
210037
210038
210039
210046
210047
210048
210049
210050
210051
210053
210054
210055
210056
210057
210058
210059
210060
210061
210062
210063
210064
210065
210066
210067
210068
210069
210070
210071
210072
210073
210074
210075
210076
210077
210078
210079
210080
210081
210082
210083
210084
210085
210086
210088
210089
210090
210091
210092
210093
210094
210095
210096
210097
210098
210101
210102
210103
210104
210105
210106
210107
210108
210109
210110
210111
210112
210113
210114
210115
210116
210117
210122
210137
210143
210148
210149
210150
210151
210152
210153
210154
210155
210156
210157
210158
210159
210160
210161
210162
210163
210164
210165
210167
210168
210169
210170
210171
210172
210173
210174
210178
210179
210180
210181
210182
210183
210186
210190
210191
210192
210208
210210
210211
210212
210213
210218
210219
210267
210268
210276
210279
210280
210281
210282
210283
210284
210294
210295
210296
210298
210299
210300
210304
210306
210307
210341
210343
210345
210346
210347
210348
210349
210350
210356
210359
210361
210364
210368
210370
210385
210387
210391
210405
210406
210407
210435
210450
210460
210461
210462
210464
210465
210676
210677
210679
210685
210742
210775
210776
210816
210817
210825
210833
210835
210837
210843
210844
210846
210848
210850
210852
210854
210871
210873
210908
210947
210959
210964
211063
211074
211104
211106
211162
211165
211199
211236
211240
211242
211247
211258
211404
211406
211408
211528
211547
211549
211576
211578
211580
211594
211595
211611
211612
211616
211617
211628
211756
211766
211767
211771
211773
211780
211787
211788
211793
211795
211802
211819
211821
211823
211825
211827
211829
211831
211834
211840
211841
211850
211862
211872
211903
211906
211913
211914
211917
211918
212084
212090
212091
212099
212100
212115
212198
212201
212202
212315
212317
212349
212380
212381
212382
212383
212384
212385
212386
212387
212388
212389
212390
212391
212392
212393
212394
212395
212396
212397
212398
212399
212404
212405
212415
212416
212417
212418
212419
212420
212421
212422
212423
212424
212425
212426
212427
212428
212429
212430
212431
212432
212433
212434
212435
212436
212437
212438
212439
212440
212441
212455
212457
212476
212528
212529
212536
212566
212567
212569
212570
212571
212590
212592
212593
212621
212623
212624
212629
212630
212632
212655
212656
212660
212661
212662
212663
212664
212665
212668
212669
212670
212671
212672
212673
212686
212687
212688
212689
212690
212691
212692
212694
212696
212703
212704
212705
212707
212709
212710
212718
212719
212720
212731
212733
212734
212740
212742
212744
212746
212747
212748
212749
212765
212775
212810
212851
212879
212888
212906
212934
212935
212938
212940
212998
213000
213001
213005
213201
213203
213205
213207
213209
213220
213276
213277
213282
213286
213343
213344
213348
213349
213351
213353
213355
213357
213359
213362
213378
213380
213439
213455
213531
213533
213571
213573
213575
213577
213578
213579
213612
213617
213619
213626
213628
213629
213630
213633
213772
213774
213775
213795
213796
213797
213800
213801
213805
213806
213807
213808
213809
213816
213817
213818
213820
213821
213822
213823
213824
213826
213827
213828
213829
213830
213831
213832
213843
213844
213846
213847
213848
213849
213851
213852
213853
213854
213855
213856
213858
213859
213860
213861
213862
213863
213864
213878
213880
213881
213882
213884
213899
213901
213917
213931
213932
213937
213938
213939
213940
213941
213942
213943
213944
213945
213946
213947
213948
213949
213950
213951
213952
213953
213954
213955
213956
213957
213958
213960
213961
213962
213963
213964
213965
213966
213967
213968
213969
213970
213971
213972
213973
213974
213975
213976
213977
213978
213981
213982
213983
213984
213985
213986
213987
213988
213989
213990
213992
213994
213995
213996
213997
213998
213999
214000
214001
214002
214003
214004
214005
214006
214007
214008
214009
214010
214011
214013
214014
214015
214016
214017
214018
214019
214020
214021
214023
214024
214025
214026
214027
214028
214029
214031
214032
214033
214034
214035
214036
214037
214038
214039
214040
214041
214042
214043
214044
214045
214046
214047
214048
214049
214050
214051
214052
214053
214054
214055
214058
214059
214061
214062
214117
214118
214128
214137
214138
214140
214141
214144
214146
214147
214148
214149
214156
214157
214158
214159
214160
214162
214163
214164
214165
214166
214167
214168
214171
214173
214174
214175
214180
214181
214183
214185
214218
214219
214221
214231
214232
214234
214236
214237
214238
214240
214241
214242
214244
214245
214246
214247
214249
214250
214251
214252
214253
214254
214255
214256
214261
214262
214263
214264
214265
214266
214267
214269
214270
214271
214275
214283
214285
214286
214287
214289
214290
214293
214294
214295
214296
214297
214298
214299
214300
214301
214302
214303
214304
214305
214306
214307
214308
214309
214310
214311
214312
214313
214314
214315
214316
214317
214318
214319
214320
214321
214322
214323
214324
214325
214326
214327
214328
214329
214330
214333
214334
214336
214337
214338
214339
214340
214341
214342
214343
214344
214345
214346
214347
214348
214349
214350
214351
214352
214353
214354
214356
214357
214358
214359
214360
214361
214362
214363
214364
214365
214366
214367
214368
214369
214370
214371
214372
214373
214374
214375
214376
214377
214378
214379
214380
214381
214382
214383
214384
214385
214386
214389
214391
214392
214393
214394
214395
214397
214398
214399
214400
214401
214402
214403
214404
214405
214407
214408
214409
214410
214411
214412
214413
214414
214415
214416
214417
214418
214419
214420
214421
214422
214423
214424
214425
214426
214427
214428
214429
214430
214431
214432
214433
214434
214437
214438
214439
214440
214441
214442
214443
214444
214453
214455
214457
214458
214460
214461
214462
214463
214464
214465
214466
214467
214470
214471
214472
214473
214475
214476
214477
214478
214479
214503
214514
214515
214516
214517
214519
214520
214522
214523
214524
214525
214526
214527
214528
214542
214544
214545
214546
214547
214567
214568
214628
214636
214637
214638
214639
214640
214641
214642
214643
214652
214655
214659
214663
214664
214665
214668
214669
214670
214677
214726
214728
214732
214736
214739
214743
214745
214758
214766
214773
214786
214787
214788
214836
214840
214849
214851
214852
214853
214854
215066
215067
215069
215075
215152
215166
215168
215207
215214
215216
215224
215226
215228
215234
215235
215237
215239
215241
215243
215245
215262
215264
215298
215337
215353
215354
215454
215458
215492
215494
215550
215553
215587
215624
215627
215629
215634
215646
215792
215794
215796
215916
215938
215940
215966
215968
215970
215983
215984
216000
216001
216006
216007
216018
216147
216157
216158
216162
216164
216171
216180
216182
216184
216204
216210
216212
216214
216216
216218
216220
216222
216224
216226
216228
216233
216234
216243
216257
216268
216298
216301
216309
216310
216312
216313
216478
216484
216485
216493
216494
216510
216590
216595
216706
216708
216743
216774
216775
216776
216777
216778
216779
216780
216781
216782
216788
216789
216790
216791
216792
216793
216794
216795
216796
216797
216798
216799
216800
216801
216802
216803
216804
216805
216806
216807
216808
216809
216810
216811
216812
216813
216814
216815
216816
216817
216818
216819
216820
216821
216822
216823
216824
216825
216826
216827
216828
216829
216830
216831
216832
216833
216834
216835
216836
216842
216843
216855
216857
216877
216931
216932
216949
216990
217011
217013
217014
217015
217019
217020
217023
217025
217026
217046
217048
217049
217051
217052
217053
217054
217080
217082
217086
217087
217088
217089
217090
217091
217092
217096
217097
217098
217099
217101
217102
217105
217106
217107
217108
217109
217110
217111
217118
217128
217129
217134
217135
217140
217141
217172
217173
217174
217175
217180
217182
217183
217184
217185
217186
217187
217188
217189
217193
217195
217196
217197
217199
217200
217202
217204
217205
217208
217210
217211
217212
217213
217214
217215
217216
217217
217218
217219
217220
217221
217222
217223
217224
217225
217226
217227
217228
217229
217230
217231
217232
217233
217234
217235
217236
217237
217238
217239
217240
217241
217242
217243
217244
217245
217250
217260
217265
217268
217269
217270
217283
217284
217287
217288
217325
217327
217328
217346
217347
217349
217353
217355
217356
217357
217358
217359
217360
217362
217363
217365
217366
217367
217368
217369
217370
217371
217372
217373
217374
217375
217376
217377
217378
217379
217380
217381
217382
217383
217384
217385
217386
217387
217388
217389
217390
217391
217392
217393
217394
217395
217396
217397
217398
217399
217400
217401
217403
217404
217405
217406
217407
217408
217409
217411
217412
217413
217414
217418
217421
217423
217424
217435
217436
217442
217444
217446
217447
217448
217451
217452
217453
217454
217455
217463
217469
217506
217514
217519
217537
217539
217541
217542
217556
217557
217558
217559
217560
217562
217568
217569
217570
217571
217572
217573
217574
217578
217579
217580
217581
217582
217583
217585
217586
217587
217630
217632
217633
217634
217831
217833
217835
217836
217838
217849
217905
217906
217908
217951
217974
217975
217979
217980
217982
217984
217986
217988
217990
217993
218009
218011
218070
218086
218164
218166
218203
218205
218207
218208
218210
218211
218414
218419
218420
218421
218423
218424
218425
218426
218428
218467
218471
218472
218603
218656
218670
218692
218745
218748
218750
218765
218766
218788
218792
218793
218795
218800
218801
218873
218966
218968
218970
218971
218972
218973
218974
218988
218990
218991
218994
218997
219007
219008
219009
219010
219011
219012
219013
219014
219015
219016
219019
219021
219022
219023
219024
219025
219026
219027
219028
219029
219030
219031
219033
219034
219035
219036
219038
219039
219040
219041
219042
219043
219044
219045
219046
219047
219048
219049
219050
219051
219052
219053
219054
219055
219056
219058
219059
219060
219061
219062
219068
219070
219071
219075
219080
219081
219084
219085
219086
219087
219088
219089
219090
219091
219092
219093
219094
219095
219096
219097
219098
219099
219100
219101
219102
219103
219104
219105
219106
219107
219108
219109
219110
219111
219112
219113
219114
219115
219116
219117
219118
219119
219120
219121
219122
219123
219124
219125
219126
219127
219128
219129
219130
219131
219132
219133
219134
219136
219137
219138
219139
219140
219141
219142
219143
219144
219145
219146
219147
219148
219149
219150
219156
219157
219163
219165
219166
219167
219168
219169
219170
219171
219172
219173
219174
219175
219176
219177
219178
219179
219180
219187
219188
219189
219190
219191
219192
219193
219195
219218
219219
219224
219225
219226
219227
219229
219230
219231
219232
219233
219234
219235
219236
219237
219238
219239
219240
219242
219248
219249
219251
219252
219253
219254
219255
219256
219257
219258
219260
219262
219264
219265
219266
219268
219270
219271
219272
219274
219275
219276
219277
219278
219279
219281
219284
219285
219294
219296
219297
219299
219302
219303
219310
219311
219312
219313
219314
219315
219316
219317
219318
219319
219320
219321
219323
219324
219325
219326
219327
219328
219329
219330
219331
219332
219333
219334
219339
219340
219342
219343
219344
219345
219346
219347
219348
219349
219350
219361
219362
219363
219368
219369
219370
219375
219376
219377
219378
219379
219380
219388
219389
219390
219391
219392
219393
219394
219395
219396
219397
219405
219406
219408
219409
219416
219417
219418
219419
219420
219421
219422
219423
219424
219425
219426
219427
219428
219429
219430
219431
219432
219433
219434
219435
219436
219437
219438
219439
219440
219441
219442
219443
219444
219449
219455
219456
219458
219462
219465
219466
219467
219468
219469
219470
219471
219472
219473
219474
219478
219480
219481
219482
219483
219484
219485
219486
219487
219488
219489
219490
219491
219492
219493
219494
219495
219496
219497
219498
219499
219500
219501
219502
219503
219504
219505
219506
219507
219508
219509
219510
219511
219512
219513
219514
219516
219517
219521
219522
219523
219524
219525
219526
219527
219528
219529
219530
219532
219533
219534
219535
219536
219537
219538
219539
219540
219541
219542
219543
219544
219545
219546
219547
219548
219584
219586
219587
219588
219589
219590
219591
219592
219593
219594
219595
219596
219597
219598
219603
219604
219647
219648
219656
219657
219658
219659
219660
219661
219663
219664
219665
219666
219667
219668
219669
219670
219671
219673
219675
219676
219677
219678
219679
219680
219681
219682
219683
219684
219685
219686
219687
219688
219689
219690
219691
219705
219706
219707
219708
219709
219710
219711
219721
219722
219725
219727
219728
219729
219730
219731
219744
219745
219746
219747
219748
219750
219751
219752
219753
219754
219755
219757
219758
219759
219760
219761
219762
219763
219764
219765
219767
219768
219769
219771
219772
219773
219774
219777
219869
219870
219871
219872
219873
219875
219876
219877
219878
219879
219880
219881
219882
219884
219885
219886
219887
219888
219889
219890
219891
219892
219897
219898
219899
219903
219904
219905
219906
219909
219910
219911
219915
219918
219920
219921
219922
219923
219924
219925
219926
219927
219930
219931
219932
219933
219934
219935
219936
219937
219939
219940
219941
219942
219943
219944
219945
219946
219947
219948
219949
219958
219962
219963
219964
219965
219966
219967
219969
219972
219973
219974
219975
219976
219977
219978
219979
219980
219981
219982
219985
219986
219987
219988
219989
219991
219993
219994
219996
219997
219998
219999
220000
220001
220002
220003
220004
220005
220006
220007
220020
220021
220022
220023
220025
220027
220029
220030
220031
220032
220033
220039
220040
220041
220044
220045
220046
220047
220048
220049
220050
220051
220056
220057
220058
220060
220061
220062
220063
220064
220065
220066
220067
220068
220070
220072
220073
220074
220075
220076
220077
220078
220079
220080
220081
220084
220085
220086
220087
220088
220089
220090
220091
220093
220095
220097
220099
220100
220102
220103
220104
220105
220109
220111
220115
220118
220121
220126
220131
220133
220136
220138
220140
220143
220144
220145
220148
220150
220157
220159
220160
220161
220162
220163
220165
220166
220168
220169
220170
220171
220172
220173
220175
220176
220178
220179
220180
220181
220183
220184
220185
220186
220187
220189
220190
220192
220193
220204
220205
220207
220208
220210
220211
220212
220213
220214
220216
220217
220218
220219
220221
220222
220223
220224
220225
220227
220228
220230
220231
220232
220233
220234
220236
220237
220448
220449
220451
220457
220533
220547
220549
220588
220595
220597
220605
220607
220609
220615
220616
220618
220620
220622
220624
220626
220643
220645
220680
220719
220731
220736
220835
220844
220876
220878
220934
220937
220971
221008
221013
221015
221020
221031
221176
221178
221180
221300
221319
221321
221348
221350
221352
221366
221381
221382
221386
221387
221395
221526
221536
221537
221541
221545
221549
221554
221556
221563
221565
221585
221589
221591
221593
221595
221597
221599
221601
221604
221607
221608
221618
221632
221639
221670
221673
221680
221681
221683
221684
221851
221856
221857
221866
221881
221964
221967
221968
222056
222086
222087
222088
222089
222090
222091
222092
222093
222094
222095
222096
222097
222098
222099
222100
222101
222102
222103
222104
222105
222111
222112
222113
222114
222115
222116
222117
222118
222119
222120
222121
222122
222123
222124
222125
222126
222127
222128
222129
222130
222131
222132
222133
222134
222135
222136
222137
222138
222139
222140
222141
222142
222143
222144
222145
222146
222147
222148
222161
222164
222165
222171
222209
222210
222227
222231
222234
222240
222257
222364
222388
222390
222391
222392
222405
222406
222407
222408
222410
222411
222412
222443
222446
222466
222468
222469
222470
222479
222480
222490
222493
222494
222495
222496
222498
222501
222503
222506
222507
222508
222509
222510
222511
222513
222514
222515
222516
222517
222518
222519
222521
222522
222523
222524
222525
222526
222527
222528
222529
222531
222532
222534
222535
222536
222539
222542
222543
222552
222553
222555
222557
222565
222566
222568
222569
222570
222571
222572
222574
222575
222577
222578
222582
222584
222585
222586
222587
222588
222589
222590
222591
222592
222593
222594
222595
222596
222597
222598
222599
222600
222601
222602
222603
222604
222605
222606
222607
222608
222609
222610
222612
222613
222614
222615
222616
222617
222618
222619
222620
222621
222622
222627
222628
222630
222715
222716
222717
222718
222720
222721
222722
222724
222725
222727
222730
222735
222736
222747
222749
222750
222751
222752
222755
222756
222757
222758
222759
222760
222762
222763
222764
222765
222766
222767
222768
222769
222770
222771
222772
222773
222776
222781
222782
222783
222784
222791
222819
222821
222823
222824
222825
222826
222831
222834
222835
222836
222838
222839
222840
222841
222842
222843
222846
222847
222848
222849
222850
222851
222854
222856
222858
222911
222913
222914
222915
223110
223112
223114
223115
223117
223128
223185
223187
223192
223194
223248
223255
223257
223258
223260
223262
223264
223266
223268
223271
223287
223289
223348
223364
223441
223443
223479
223481
223483
223485
223486
223487
223690
223695
223696
223697
223699
223700
223701
223702
223704
223742
223746
223747
223878
223931
223944
223966
224019
224022
224024
224059
224064
224065
224067
224073
224074
224080
224083
224084
224086
224090
224091
224092
224093
224094
224095
224096
224098
224099
224100
224102
224107
224108
224109
224112
224113
224134
224162
224163
224165
224166
224168
224169
224170
224171
224172
224173
224181
224183
224186
224191
224195
224196
224198
224200
224201
224202
224203
224204
224205
224206
224207
224208
224209
224210
224211
224212
224213
224214
224215
224216
224217
224218
224219
224221
224222
224223
224224
224225
224226
224227
224228
224229
224230
224231
224232
224233
224234
224235
224236
224237
224238
224239
224240
224241
224242
224243
224244
224246
224247
224248
224249
224250
224251
224252
224253
224254
224255
224256
224257
224258
224259
224260
224261
224262
224263
224264
224265
224266
224267
224268
224269
224270
224271
224272
224273
224274
224275
224276
224277
224278
224279
224280
224281
224282
224283
224284
224285
224286
224287
224288
224289
224290
224291
224292
224293
224294
224295
224296
224298
224299
224300
224301
224302
224303
224306
224309
224310
224311
224312
224314
224316
224318
224320
224321
224322
224323
224324
224325
224326
224327
224330
224331
224332
224333
224334
224336
224338
224340
224341
224342
224343
224344
224345
224346
224347
224348
224349
224350
224351
224352
224353
224354
224355
224356
224357
224358
224359
224360
224361
224362
224363
224364
224365
224366
224367
224368
224369
224370
224371
224372
224373
224374
224375
224376
224377
224378
224379
224380
224381
224382
224383
224384
224385
224386
224387
224388
224389
224390
224391
224392
224473
224482
224485
224486
224487
224505
224514
224591
224592
224600
224607
224608
224609
224610
224611
224612
224613
224614
224615
224618
224619
224620
224621
224622
224623
224626
224627
224628
224629
224632
224633
224634
224635
224637
224638
224639
224640
224667
224681
224685
224693
224699
224703
224705
224719
224726
224735
224747
224748
224749
224770
224774
224781
224783
224784
224785
224786
224787
224788
224790
224791
225003
225004
225006
225012
225069
225102
225103
225143
225150
225152
225160
225162
225164
225170
225171
225173
225175
225177
225179
225181
225198
225200
225233
225272
225288
225289
225388
225399
225429
225431
225487
225490
225524
225561
225566
225568
225573
225584
225731
225733
225735
225855
225877
225879
225905
225907
225909
225922
225923
225939
225940
225944
225945
225951
226085
226095
226096
226099
226101
226108
226110
226113
226120
226122
226142
226147
226149
226151
226153
226155
226157
226159
226161
226167
226168
226174
226194
226205
226238
226242
226249
226250
226252
226253
226417
226424
226425
226433
226448
226529
226532
226641
226643
226679
226711
226712
226713
226714
226715
226716
226717
226718
226719
226720
226721
226722
226723
226724
226725
226726
226732
226733
226734
226735
226736
226737
226738
226739
226740
226741
226742
226743
226744
226745
226746
226747
226748
226749
226750
226751
226752
226753
226754
226755
226756
226757
226758
226759
226760
226761
226762
226763
226764
226765
226766
226767
226768
226769
226770
226771
226772
226773
226787
226789
226794
226810
226864
226865
226883
226919
226971
226972
226974
226976
226977
226986
226997
226999
227000
227001
227006
227007
227027
227030
227037
227038
227044
227048
227052
227053
227054
227055
227056
227057
227058
227059
227060
227067
227069
227070
227071
227072
227073
227074
227076
227077
227078
227096
227097
227112
227122
227132
227157
227197
227225
227245
227246
227247
227258
227259
227335
227337
227338
227342
227538
227540
227543
227546
227548
227559
227615
227620
227622
227629
227683
227684
227688
227689
227691
227693
227695
227697
227699
227702
227718
227720
227779
227795
227872
227874
227910
227912
227914
227915
227916
227917
227922
227924
227926
227928
227929
227930
228133
228138
228139
228140
228142
228143
228144
228145
228147
228185
228189
228190
228321
228374
228387
228409
228462
228465
228467
228501
228506
228508
228510
228517
228519
228520
228521
228664
228665
228671
228687
228692
228694
228698
228699
228701
228702
228703
228704
228705
228706
228707
228708
228709
228710
228712
228713
228714
228715
228716
228717
228718
228719
228720
228721
228730
228731
228732
228733
228734
228735
228737
228738
228739
228740
228741
228742
228744
228745
228746
228747
228748
228757
228758
228764
228765
228792
228793
228797
228798
228817
228818
228819
228820
228821
228822
228826
228830
228831
228832
228839
228845
228846
228847
228848
228849
228850
228851
228853
228854
228855
228856
228857
228858
228859
228860
228861
228862
228863
228864
228865
228866
228867
228868
228869
228870
228871
228872
228873
228920
228927
228933
228934
228935
228937
228947
228961
228962
228965
228969
228972
228973
228974
228977
228979
228980
228981
228982
228984
228985
228986
228988
228990
228992
228993
229016
229019
229020
229021
229023
229025
229027
229034
229035
229036
229037
229039
229051
229052
229054
229059
229065
229066
229068
229071
229072
229073
229074
229076
229077
229078
229079
229205
229238
3249
3753
3954
3970
5701
6045
6052
6102
6301
7699
7739
26012
26597
30412
30414
30416
32362
32875
33048
35337
35728
35747
35756
37712
37779
37791
37792
37795
38277
41143
41158
42761
42914
42938
42940
42941
42942
42976
42978
42983
42991
43004
43010
43011
43014
43018
43029
43040
43079
43089
43092
43100
46183
46198
46204
46223
48007
48009
48029
48034
48035
48066
48077
48084
48086
48089
48097
48100
48103
48105
48108
48115
48124
48132
48134
48143
48198
48216
48349
48351
48366
52863
52924
52927
52991
52994
52997
53001
53005
53006
53007
53020
53024
53026
53129
53175
53260
55947
56104
57673
57687
57811
57813
57851
57942
57967
57998
58384
58387
58388
58391
58395
58414
58429
58431
65779
66161
66197
66303
68050
68161
68236
68237
68238
68239
68244
68246
68248
68250
68257
68259
68269
68273
68275
68281
68290
68291
68292
68326
68370
68372
68428
68511
68522
68550
71279
71309
75718
75830
75970
77807
77808
77809
77810
77816
77823
77824
77826
77834
77838
77839
77840
77844
77845
77906
77981
77982
78004
78006
78041
78062
80375
83317
85188
85207
85240
85241
85301
85302
85398
85401
85428
85463
87752
88123
88124
88125
88127
88133
88137
88138
88150
88151
88164
88179
88185
88189
88220
88236
88244
88248
88252
88264
88267
88271
88274
88277
88280
88286
88289
88292
88295
88301
88304
88307
88310
88313
88316
88331
89915
89924
90059
90061
90077
90091
90105
90106
90109
90126
90149
90160
90161
90163
90164
90169
90172
90173
90174
90177
90181
90184
90186
90195
90197
90204
90207
90209
90213
90218
90219
90226
90230
90238
90239
90247
90250
90251
90254
90256
90258
90260
90262
90264
90266
90269
90271
90274
90282
90288
90289
90294
90296
90303
90307
90311
90315
90317
90318
90324
90327
90331
90334
90336
90339
90340
90345
90346
90349
90364
90366
90378
90401
90408
90410
90415
90445
90446
90457
90459
90461
90462
90467
90471
90472
90483
90486
90487
90490
90511
90517
90522
90555
90560
90561
90565
90568
90571
90572
90578
90579
90580
90588
90589
90590
90597
90600
90602
90610
90615
90622
90623
90625
90658
90660
90661
90678
91030
91214
91231
91249
91255
91256
91258
91259
91260
91271
91274
91278
91283
91303
91309
91313
91316
91320
91327
91336
91341
91355
91366
91375
91455
92547
93100
93105
93137
93949
94021
94027
94059
96015
96346
96358
96384
96385
96386
96387
96391
96392
96394
96398
96402
96403
96404
96410
96425
96426
96443
96446
96454
96465
96469
96479
96497
96504
96519
96535
96548
96551
96554
96557
96564
96567
96569
96573
96576
96579
96583
96586
96595
96598
96602
96605
96608
96614
96620
96623
96626
96629
96632
96636
96639
96642
96648
96651
98433
98518
98539
98598
98699
101391
101431
101583
101600
101611
101632
101650
103438
103471
103543
103613
103653
103671
103691
103773
106483
106565
108275
108276
108285
108286
108287
108306
108325
108366
108385
108386
108425
108465
108486
108824
108825
108883
111579
111582
111607
111609
111675
111676
111719
113470
113490
113509
113511
113529
113530
113531
113550
113571
113631
113632
113991
113993
113994
114031
114039
114052
114083
116710
116849
116891
118506
119144
123249
128184
128186
128190
128191
128236
128661
128788
128789
128810
128811
128824
128825
128831
128832
128833
128835
128840
128841
128849
128851
128855
128857
128858
128861
128862
128867
128870
128879
128886
128887
128892
128896
128901
128902
128913
128914
128915
128916
128925
128926
128929
128930
128987
128998
128999
129006
129063
129076
129079
131613
131628
133196
133322
137835
137879
137880
138080
154605
154617
154912
154977
155781
158413
158414
163353
163355
163361
165563
169729
169732
169739
169744
169748
169756
169759
169762
169765
169777
170057
170058
170060
170135
170137
170138
170139
170140
170148
170150
170152
170162
170171
170173
170175
170177
170179
170182
170219
170347
174109
174148
174152
174639
174640
174641
174658
174659
174660
174661
174673
174675
174677
174678
174679
174683
174883
177425
177464
177466
177478
177480
177487
177501
178858
179217
179222
179226
179230
179246
179266
179288
182145
182186
182187
182188
182200
182201
182202
182203
182204
182208
182211
182264
182266
182268
182270
182290
182325
182347
182359
182362
182365
182380
182385
182396
182402
182412
182415
182433
182471
182474
182489
182495
182501
182504
182507
182512
182515
182518
182521
182527
182530
182533
182536
182551
182561
182564
182567
182570
182573
182576
182581
182585
182589
182598
182605
182609
182612
184795
184796
184813
184887
184922
184924
185176
185181
185182
185186
185189
185192
185195
185218
185229
185352
187680
187723
187724
187725
187728
187730
187735
187736
187738
187739
187750
187779
189766
190348
190349
190350
190351
190352
190353
190364
190365
190366
190367
190374
190380
190383
190387
190390
190415
190421
190423
190425
190427
190508
190511
190513
190527
190529
190553
190640
190980
190985
190987
191424
191425
191432
193048
193120
193123
193133
193151
194457
194510
194512
194516
194522
195450
198734
199648
199676
199733
199761
199808
201137
201362
201376
201377
202146
202230
202273
202327
202339
202577
202624
202636
202643
202646
202685
202784
202785
202803
202805
202843
202884
203163
203182
203202
203711
204585
205241
206026
206035
206045
206048
206049
206051
206054
206055
206056
206057
206063
206074
206119
206120
206167
206174
206175
206257
206283
206294
206297
206298
206302
206304
206321
206323
207206
207342
207486
207529
207541
207702
207855
207950
207951
207952
207958
207961
207962
207964
207969
207970
207971
207977
207980
207981
207982
207984
207988
207989
207995
207996
208001
208006
208015
208018
208019
208021
208023
208035
208036
208037
208056
208061
208067
208069
208070
208071
208072
208283
208284
208286
208292
208348
208381
208382
208422
208423
208431
208439
208441
208443
208449
208450
208452
208454
208456
208458
208460
208477
208479
208515
208565
208566
208571
208671
208685
208712
208714
208770
208773
208807
208844
208848
208850
208855
208867
209013
209015
209017
209137
209159
209161
209187
209189
209191
209204
209220
209221
209226
209227
209237
209366
209376
209377
209381
209385
209389
209397
209399
209402
209404
209424
209430
209432
209434
209436
209438
209440
209442
209444
209446
209454
209463
209477
209487
209520
209523
209530
209531
209533
209534
209699
209705
209706
209715
209730
209811
209814
209815
209924
209938
209960
209992
209993
209994
209995
209996
209997
209998
209999
210000
210001
210002
210003
210004
210005
210011
210012
210013
210014
210015
210016
210017
210018
210019
210020
210021
210022
210023
210024
210025
210026
210027
210028
210029
210030
210031
210032
210033
210034
210035
210036
210037
210038
210039
210040
210041
210042
210043
210044
210045
210046
210047
210048
210049
210050
210051
210052
210053
210054
210068
210070
210074
210076
210077
210078
210081
210083
210084
210102
210152
210154
210161
210198
210232
210233
210234
210235
210237
210243
210245
210247
210248
210249
210250
210251
210252
210253
210291
210292
210308
210309
210313
210315
210318
210320
210322
210323
210325
210326
210327
210328
210329
210330
210331
210332
210333
210334
210335
210336
210337
210338
210339
210346
210347
210348
210350
210351
210352
210353
210354
210355
210357
210358
210359
210360
210361
210362
210365
210366
210367
210377
210378
210379
210380
210381
210383
210384
210387
210388
210389
210390
210391
210393
210394
210396
210397
210402
210403
210404
210410
210411
210412
210413
210414
210415
210416
210417
210418
210419
210420
210421
210422
210423
210424
210425
210426
210427
210428
210429
210430
210431
210432
210433
210434
210435
210436
210437
210439
210440
210441
210442
210446
210447
210448
210449
210450
210451
210452
210453
210455
210456
210457
210458
210459
210460
210461
210462
210463
210464
210465
210466
210467
210468
210469
210470
210473
210474
210475
210476
210477
210478
210479
210480
210481
210483
210484
210489
210491
210493
210494
210495
210496
210497
210498
210499
210500
210501
210502
210513
210514
210516
210517
210518
210519
210520
210521
210522
210523
210524
210525
210526
210527
210528
210529
210530
210534
210537
210539
210540
210545
210547
210549
210551
210555
210556
210557
210558
210559
210560
210561
210562
210563
210564
210565
210566
210567
210568
210569
210570
210571
210572
210573
210574
210575
210576
210577
210578
210579
210584
210586
210588
210590
210592
210594
210596
210597
210598
210599
210600
210601
210602
210603
210604
210606
210607
210608
210610
210611
210613
210614
210615
210616
210617
210618
210623
210624
210625
210629
210630
210631
210632
210633
210634
210635
210636
210637
210638
210639
210640
210641
210643
210644
210645
210646
210647
210650
210652
210653
210654
210655
210656
210657
210659
210661
210667
210669
210670
210671
210672
210678
210679
210680
210681
210682
210683
210684
210685
210686
210687
210703
210704
210705
210706
210707
210709
210710
210719
210745
210765
210775
210776
210787
210788
210789
210790
210809
210814
210815
210816
210817
210824
210825
210826
210827
210828
210830
210831
210832
210838
210839
210840
210841
210842
210843
210845
210846
210847
210897
210899
210900
210901
211096
211099
211101
211102
211104
211115
211169
211171
211173
211177
211232
211238
211240
211241
211243
211245
211247
211249
211251
211254
211270
211272
211331
211347
211423
211425
211461
211463
211465
211467
211468
211469
211671
211676
211677
211678
211680
211681
211682
211683
211685
211723
211727
211728
211859
211911
211924
211946
211999
212002
212004
212038
212042
212043
212045
212050
212051
212056
212061
212062
212063
212065
212090
212091
212092
212131
212136
212137
212139
212142
212154
212155
212156
212157
212158
212159
212160
212161
212162
212163
212164
212165
212166
212167
212168
212169
212170
212171
212172
212173
212174
212175
212176
212177
212178
212179
212180
212181
212182
212183
212184
212185
212186
212187
212188
212189
212190
212191
212192
212193
212194
212195
212196
212209
212211
212212
212213
212214
212215
212216
212217
212218
212219
212220
212221
212222
212223
212225
212226
212227
212228
212231
212232
212233
212234
212236
212237
212238
212239
212240
212241
212242
212243
212244
212245
212246
212247
212248
212249
212250
212251
212252
212253
212254
212255
212256
212257
212258
212259
212260
212261
212262
212263
212264
212265
212266
212267
212268
212269
212270
212271
212272
212273
212274
212275
212276
212277
212278
212279
212280
212281
212282
212283
212284
212285
212286
212287
212288
212289
212290
212291
212292
212293
212294
212295
212296
212297
212298
212299
212300
212302
212303
212304
212305
212306
212307
212308
212309
212310
212311
212312
212313
212314
212315
212316
212317
212318
212319
212320
212321
212322
212323
212324
212325
212326
212327
212328
212330
212332
212334
212335
212336
212338
212339
212340
212341
212342
212343
212344
212345
212346
212347
212348
212349
212350
212351
212352
212353
212354
212355
212356
212357
212358
212359
212360
212361
212362
212363
212364
212365
212366
212367
212368
212369
212370
212371
212372
212373
212375
212376
212377
212378
212379
212380
212381
212382
212383
212384
212385
212386
212387
212388
212389
212390
212391
212392
212393
212394
212395
212398
212399
212400
212401
212402
212403
212404
212405
212415
212416
212417
212419
212420
212421
212422
212425
212426
212427
212428
212429
212449
212460
212461
212462
212464
212465
212466
212470
212471
212472
212473
212474
212475
212476
212514
212516
212517
212530
212535
212592
212593
212611
212612
212613
212614
212623
212624
212625
212626
212627
212655
212658
212659
212662
212663
212664
212665
212666
212667
212668
212669
212670
212671
212672
212673
212674
212675
212676
212677
212678
212681
212682
212683
212684
212685
212686
212687
212688
212689
212690
212691
212696
212697
212698
212699
212700
212707
212708
212715
212717
212719
212720
212721
212722
212799
212800
212801
212802
212803
212804
212805
212806
212807
212808
212809
212810
212811
212812
212813
212814
212815
212817
212818
212819
212820
212821
212822
212823
212824
212825
212826
212831
212832
212833
212836
212837
212838
212840
212841
212842
212843
212845
212846
212847
212848
212849
212850
212851
212852
212853
212854
212855
212856
212857
212858
212859
212860
212861
212862
212863
212864
212865
212866
212867
212868
212869
212870
212871
212872
212873
212874
212875
212876
212877
212878
212879
212880
212881
212882
212883
212884
212885
212886
212887
212888
212889
212890
212891
212892
212893
212894
212895
212896
212897
212898
212899
212900
212901
212902
212903
212904
212905
212906
212907
212908
212909
212910
212911
212912
212913
212914
212915
212916
212917
212918
212919
212920
212921
212922
212923
212924
212925
212926
212927
212928
212929
212930
212931
212932
212933
212935
212936
212937
212938
212939
212940
212941
212942
212943
212944
212945
212946
212947
212948
212949
212950
212951
212952
212953
212954
212955
212956
212957
212958
212959
212960
212961
212962
212963
212964
212965
212966
212967
212968
212969
212970
212971
212973
212974
212975
212976
212977
212978
212979
212980
212981
212982
212983
212984
212985
212986
212987
212988
212989
212990
212991
212992
212993
212995
212998
212999
213000
213001
213002
213003
213004
213005
213006
213007
213008
213009
213010
213011
213012
213013
213014
213015
213016
213017
213019
213020
213021
213022
213023
213024
213025
213026
213027
213028
213029
213030
213031
213032
213033
213034
213035
213036
213038
213039
213042
213043
213044
213045
213046
213047
213048
213049
213050
213051
213052
213053
213055
213057
213058
213059
213060
213061
213062
213063
213070
213071
213072
213073
213074
213075
213076
213077
213078
213079
213081
213082
213083
213084
213085
213086
213087
213088
213090
213092
213098
213099
213100
213101
213102
213103
213104
213105
213106
213107
213108
213109
213110
213111
213112
213115
213117
213118
213147
213148
213149
213150
213151
213152
213153
213154
213156
213158
213160
213161
213162
213163
213164
213165
213171
213172
213173
213174
213175
213176
213177
213178
213179
213180
213183
213184
213185
213186
213187
213188
213189
213190
213192
213193
213199
213200
213202
213203
213204
213205
213207
213209
213211
213213
213214
213215
213217
213218
213219
213223
213224
213225
213226
213227
213228
213229
213230
213231
213232
213233
213234
213235
213236
213237
213238
213240
213241
213242
213246
213250
213253
213256
213261
213265
213267
213269
213271
213273
213276
213277
213278
213280
213282
213289
213291
213292
213293
213294
213295
213296
213298
213299
213511
213512
213514
213520
213596
213610
213612
213651
213658
213660
213668
213670
213672
213678
213679
213681
213683
213685
213687
213689
213706
213708
213742
213781
213797
213798
213897
213901
213938
213940
213996
213999
214033
214070
214075
214077
214082
214093
214240
214242
214244
214364
214383
214385
214412
214414
214416
214430
214431
214446
214447
214451
214452
214462
214590
214600
214601
214605
214609
214613
214623
214626
214628
214648
214652
214654
214656
214658
214660
214662
214664
214666
214669
214677
214678
214686
214701
214711
214743
214746
214748
214749
214752
214753
214924
214930
214931
214939
214940
214955
215040
215044
215154
215168
215173
215191
215222
215223
215224
215225
215226
215227
215228
215229
215230
215235
215236
215237
215238
215239
215240
215241
215242
215243
215244
215245
215246
215247
215248
215249
215250
215251
215252
215253
215254
215255
215256
215257
215258
215259
215260
215261
215262
215263
215264
215265
215266
215267
215268
215269
215270
215271
215272
215273
215274
215275
215276
215277
215278
215279
215280
215281
215282
215283
215298
215300
215321
215376
215377
215397
215417
215458
215460
215461
215462
215467
215468
215469
215476
215477
215479
215481
215482
215501
215503
215504
215509
215511
215515
215534
215537
215539
215544
215545
215546
215549
215550
215551
215552
215553
215554
215555
215557
215558
215559
215560
215562
215563
215566
215567
215576
215584
215585
215589
215590
215593
215623
215624
215625
215627
215634
215636
215637
215638
215639
215640
215641
215642
215643
215645
215646
215648
215649
215650
215651
215654
215656
215657
215658
215659
215661
215662
215663
215664
215666
215667
215668
215669
215670
215671
215672
215673
215674
215675
215676
215677
215678
215679
215680
215681
215682
215683
215684
215685
215686
215687
215688
215689
215690
215691
215692
215693
215694
215695
215696
215709
215716
215717
215719
215735
215737
215739
215740
215741
215742
215743
215780
215798
215799
215801
215802
215806
215807
215809
215810
215811
215812
215813
215814
215815
215816
215817
215818
215819
215820
215821
215823
215824
215825
215826
215827
215828
215829
215830
215831
215832
215839
215840
215841
215842
215843
215844
215846
215847
215848
215849
215850
215851
215852
215853
215854
215855
215856
215857
215858
215859
215861
215862
215864
215865
215867
215870
215871
215872
215878
215879
215881
215883
215885
215886
215887
215888
215891
215892
215893
215894
215895
215900
215917
215952
215954
215959
215963
215964
215965
215966
215967
215968
215969
215970
215971
215978
215982
215986
215987
215989
215994
215995
215996
216000
216002
216003
216004
216005
216006
216027
216028
216029
216053
216055
216056
216057
216252
216254
216256
216257
216259
216270
216326
216327
216329
216355
216393
216394
216398
216399
216401
216403
216405
216407
216409
216412
216428
216429
216488
216504
216580
216582
216616
216618
216619
216621
216622
216627
216629
216631
216633
216634
216635
216838
216843
216844
216845
216847
216848
216849
216850
216852
216890
216894
216895
217025
217078
217091
217113
217166
217169
217171
217205
217211
217212
217214
217219
217221
217222
217223
217237
217269
217271
217273
217274
217282
217283
217284
217285
217286
217287
217288
217289
217299
217301
217302
217303
217304
217305
217306
217308
217309
217310
217311
217312
217313
217314
217315
217316
217317
217318
217319
217320
217321
217322
217323
217324
217325
217326
217327
217328
217329
217330
217331
217332
217333
217334
217335
217336
217337
217338
217339
217340
217341
217342
217343
217344
217345
217346
217347
217348
217349
217350
217351
217352
217355
217356
217357
217359
217360
217361
217362
217363
217364
217365
217366
217367
217368
217369
217370
217371
217372
217373
217374
217375
217376
217377
217378
217379
217380
217381
217382
217383
217384
217385
217386
217387
217388
217389
217390
217391
217392
217393
217394
217395
217396
217397
217398
217399
217400
217401
217402
217403
217404
217405
217406
217407
217408
217410
217411
217412
217413
217414
217415
217416
217417
217418
217419
217420
217421
217422
217423
217428
217429
217435
217436
217437
217438
217439
217440
217441
217442
217443
217444
217445
217446
217447
217448
217456
217466
217467
217468
217469
217489
217490
217491
217492
217493
217494
217499
217500
217502
217503
217504
217505
217506
217507
217511
217513
217514
217515
217516
217517
217518
217519
217520
217521
217522
217525
217526
217527
217528
217530
217531
217532
217533
217534
217535
217541
217542
217543
217544
217545
217546
217547
217550
217551
217552
217554
217556
217557
217565
217566
217567
217569
217572
217573
217574
217575
217576
217578
217579
217580
217581
217582
217583
217584
217585
217586
217587
217588
217589
217590
217591
217592
217594
217595
217596
217597
217598
217599
217600
217601
217602
217603
217604
217605
217606
217607
217608
217609
217610
217611
217612
217613
217615
217616
217617
217618
217619
217620
217621
217622
217623
217624
217625
217626
217627
217628
217629
217630
217631
217632
217634
217635
217636
217637
217638
217639
217641
217642
217643
217644
217651
217652
217667
217668
217669
217670
217671
217672
217674
217675
217676
217677
217678
217679
217680
217681
217685
217686
217687
217688
217689
217690
217691
217692
217693
217694
217695
217696
217697
217698
217723
217727
217728
217729
217730
217731
217732
217734
217736
217738
217740
217742
217743
217744
217745
217746
217748
217750
217751
217753
217754
217755
217756
217757
217758
217759
217760
217761
217762
217763
217764
217765
217766
217767
217768
217769
217770
217771
217772
217773
217774
217775
217778
217779
217780
217781
217782
217783
217784
217785
217787
217788
217790
217791
217792
217794
217795
217796
217797
217798
217799
217800
217801
217802
217803
217804
217805
217806
217807
217808
217809
217810
217811
217812
217813
217814
217816
217817
217818
217819
217820
217821
217822
217823
217824
217825
217826
217827
217828
217862
217864
217865
217866
217867
217868
217869
217870
217871
217872
217873
217874
217875
217876
217877
217878
217885
217886
217940
217942
217943
217944
217945
217946
217947
217948
217949
217950
217951
217952
217954
217955
217956
217957
217958
217959
217960
217961
217962
217963
217964
217965
217966
217970
217971
217972
217973
217974
217987
217989
217990
217991
217992
217993
217996
218000
218003
218005
218006
218007
218008
218009
218010
218011
218012
218013
218015
218017
218018
218019
218020
218022
218023
218024
218025
218026
218027
218028
218029
218030
218031
218032
218033
218034
218036
218037
218038
218039
218056
218057
218066
218140
218141
218142
218143
218144
218145
218146
218147
218148
218149
218150
218151
218152
218153
218154
218155
218156
218157
218158
218159
218160
218167
218177
218178
218180
218181
218182
218183
218184
218185
218186
218187
218188
218190
218191
218192
218193
218194
218195
218196
218197
218198
218199
218200
218201
218202
218203
218204
218205
218206
218207
218208
218209
218210
218211
218212
218213
218215
218216
218217
218218
218219
218220
218221
218222
218223
218224
218225
218226
218227
218228
218229
218230
218231
218232
218233
218234
218235
218236
218237
218238
218239
218240
218241
218242
218243
218244
218245
218246
218247
218248
218249
218250
218251
218252
218253
218259
218260
218261
218262
218263
218264
218265
218266
218267
218268
218272
218273
218274
218275
218276
218283
218284
218285
218286
218290
218291
218292
218293
218299
218300
218301
218302
218303
218304
218305
218306
218307
218308
218309
218310
218311
218312
218313
218314
218315
218316
218317
218318
218321
218322
218323
218324
218325
218326
218327
218328
218329
218330
218331
218332
218333
218334
218336
218337
218338
218339
218340
218342
218348
218349
218350
218352
218353
218356
218359
218360
218361
218363
218365
218368
218370
218371
218386
218387
218388
218408
218409
218415
218417
218418
218419
218420
218421
218422
218424
218425
218637
218638
218640
218646
218724
218737
218739
218778
218779
218787
218795
218797
218799
218805
218806
218808
218810
218812
218814
218816
218833
218835
218869
218908
218920
218925
219025
219033
219063
219065
219120
219123
219157
219194
219200
219202
219204
219216
219362
219364
219366
219486
219508
219510
219536
219538
219540
219553
219554
219570
219571
219575
219576
219588
219716
219726
219727
219731
219735
219739
219748
219751
219753
219772
219778
219780
219782
219784
219786
219788
219790
219792
219800
219809
219822
219832
219865
219868
219875
219876
219879
219880
220043
220050
220051
220059
220060
220075
220156
220159
220267
220281
220303
220335
220336
220337
220338
220339
220340
220341
220342
220343
220344
220350
220351
220352
220353
220354
220355
220356
220357
220358
220359
220360
220361
220362
220363
220364
220365
220366
220367
220368
220369
220370
220371
220372
220373
220374
220375
220376
220377
220378
220379
220380
220381
220382
220383
220384
220385
220386
220387
220388
220389
220390
220391
220392
220393
220394
220395
220396
220397
220411
220413
220417
220434
220490
220491
220495
220498
220520
220522
220523
220524
220529
220530
220533
220535
220536
220558
220560
220561
220567
220582
220583
220592
220593
220597
220600
220602
220603
220604
220605
220606
220607
220608
220609
220610
220611
220612
220613
220615
220616
220617
220618
220619
220620
220621
220622
220623
220625
220626
220627
220628
220629
220631
220632
220633
220634
220635
220636
220637
220639
220641
220642
220643
220644
220645
220646
220647
220648
220649
220650
220651
220653
220654
220657
220659
220660
220661
220662
220663
220665
220666
220675
220676
220677
220696
220697
220699
220700
220701
220702
220703
220704
220745
220746
220760
220761
220764
220765
220767
220771
220772
220774
220775
220777
220778
220779
220780
220781
220782
220783
220784
220785
220786
220787
220788
220789
220790
220791
220792
220793
220794
220795
220796
220797
220798
220799
220800
220801
220803
220804
220805
220807
220810
220811
220812
220819
220820
220821
220823
220827
220829
220831
220832
220834
220835
220837
220838
220842
220846
220847
220848
220850
220862
220868
220876
220913
220930
220932
220936
220937
220940
220941
220943
220945
220950
220959
220960
220961
220962
220964
220966
220972
220973
220974
220975
220976
220983
220985
220986
220987
220988
221013
221036
221038
221039
221040
221235
221237
221239
221240
221242
221253
221310
221315
221317
221325
221378
221379
221383
221384
221386
221388
221390
221392
221394
221397
221413
221415
221474
221490
221565
221567
221604
221606
221608
221610
221611
221612
221815
221820
221821
221822
221824
221825
221826
221827
221829
221867
221871
221872
222003
222055
222068
222090
222143
222146
222148
222182
222186
222188
222190
222200
222201
222240
222346
222348
222349
222350
222351
222352
222353
222354
222355
222356
222357
222358
222359
222360
222361
222362
222363
222364
222365
222366
222367
222368
222369
222370
222371
222372
222373
222374
222375
222376
222377
222378
222379
222380
222381
222382
222405
222410
222412
222414
222416
222418
222426
222427
222428
222429
222430
222431
222432
222433
222434
222435
222436
222437
222438
222439
222440
222441
222442
222443
222444
222445
222446
222448
222449
222450
222452
222453
222454
222456
222457
222459
222460
222464
222465
222466
222467
222468
222469
222470
222471
222472
222473
222474
222475
222476
222477
222478
222479
222480
222482
222484
222485
222486
222487
222494
222495
222496
222497
222498
222499
222500
222501
222502
222503
222504
222506
222507
222508
222509
222510
222511
222512
222513
222514
222515
222516
222517
222518
222520
222527
222528
222530
222532
222552
222555
222556
222558
222559
222560
222561
222562
222564
222565
222566
222567
222568
222569
222570
222571
222572
222574
222584
222585
222586
222587
222588
222590
222591
222592
222593
222594
222596
222597
222598
222599
222600
222602
222603
222720
222721
222722
222723
222724
222725
222726
222727
222728
222729
222730
222731
222732
222733
222734
222735
222736
222737
222738
222739
222740
222741
222742
222743
222744
222745
222746
222747
222748
222749
222750
222751
222752
222764
222765
222766
222768
222771
222772
222773
222774
222775
222776
222778
222779
222780
222781
222786
222787
222788
222789
222790
222801
222802
222808
222809
222810
222811
222812
222814
222815
222816
222817
222848
222861
222864
222865
222867
222868
222876
222877
222878
222879
222881
222882
222930
222932
222933
222955
222956
222957
222958
222959
222960
222961
222962
222963
222968
222970
222971
222972
222973
222974
222975
222976
222977
222978
222979
222980
222981
222982
222983
222984
222985
222986
222987
222988
222989
222990
222991
222992
222993
222994
222995
222996
222997
222998
222999
223000
223001
223003
223004
223005
223006
223007
223008
223009
223010
223016
223017
223018
223019
223020
223021
223022
223023
223024
223025
223026
223027
223028
223029
223030
223031
223032
223033
223034
223035
223036
223037
223038
223039
223040
223041
223042
223043
223044
223045
223046
223047
223048
223049
223050
223051
223052
223053
223054
223055
223056
223057
223058
223059
223060
223061
223062
223063
223064
223065
223066
223067
223068
223069
223070
223071
223072
223073
223074
223075
223076
223077
223078
223079
223081
223082
223083
223084
223085
223086
223087
223088
223089
223090
223091
223092
223093
223094
223095
223096
223097
223098
223099
223100
223101
223102
223103
223104
223105
223106
223107
223108
223109
223110
223111
223112
223113
223114
223115
223116
223117
223118
223119
223120
223121
223122
223123
223124
223125
223126
223127
223128
223129
223130
223131
223132
223133
223134
223135
223136
223137
223138
223139
223140
223141
223142
223143
223144
223145
223146
223147
223148
223149
223150
223151
223152
223153
223154
223155
223156
223157
223158
223159
223161
223162
223163
223164
223169
223170
223184
223185
223186
223187
223188
223189
223234
223235
223236
223238
223240
223241
223242
223244
223245
223246
223247
223252
223253
223254
223260
223261
223262
223263
223264
223269
223272
223273
223274
223275
223276
223277
223278
223279
223280
223281
223282
223283
223284
223285
223286
223287
223290
223291
223292
223293
223294
223295
223296
223297
223298
223299
223301
223302
223304
223305
223306
223307
223308
223309
223310
223311
223314
223316
223320
223325
223338
223343
223347
223350
223355
223357
223359
223363
223364
223365
223369
223371
223380
223381
223382
223384
223385
223597
223598
223600
223606
223682
223696
223698
223737
223738
223746
223754
223756
223758
223764
223765
223767
223769
223771
223773
223775
223792
223794
223829
223868
223880
223885
223984
223993
224025
224027
224083
224086
224120
224157
224161
224163
224168
224179
224326
224328
224330
224469
224471
224500
224502
224516
224531
224532
224535
224537
224549
224675
224685
224686
224694
224697
224699
224700
224702
224712
224713
224716
224718
224738
224742
224744
224746
224748
224750
224752
224754
224756
224760
224766
224772
224773
224793
224801
224831
224834
224837
224838
224846
224847
225011
225017
225018
225026
225027
225042
225125
225128
225129
225242
225244
225279
225310
225311
225312
225313
225314
225315
225316
225317
225318
225319
225320
225321
225322
225323
225324
225325
225326
225327
225332
225333
225334
225335
225336
225337
225338
225339
225340
225341
225342
225343
225344
225345
225346
225347
225348
225349
225350
225351
225352
225353
225354
225355
225356
225357
225358
225359
225360
225361
225362
225363
225364
225365
225366
225367
225368
225369
225370
225371
225386
225388
225409
225464
225465
225485
225504
225544
225546
225547
225549
225557
225558
225559
225560
225561
225564
225566
225567
225586
225588
225589
225590
225595
225596
225621
225622
225623
225624
225625
225626
225627
225628
225630
225636
225637
225638
225639
225640
225641
225642
225646
225647
225648
225649
225651
225652
225653
225654
225656
225657
225658
225659
225676
225677
225678
225683
225684
225685
225686
225688
225690
225692
225699
225701
225702
225703
225704
225705
225706
225708
225709
225710
225711
225712
225713
225714
225716
225717
225719
225720
225721
225722
225723
225724
225725
225727
225728
225729
225730
225731
225732
225733
225734
225735
225736
225737
225738
225739
225740
225741
225742
225743
225744
225745
225750
225753
225774
225776
225778
225779
225781
225782
225784
225840
225841
225843
225844
225849
225850
225853
225854
225856
225858
225859
225861
225862
225863
225864
225865
225866
225867
225868
225869
225870
225871
225872
225873
225874
225876
225878
225879
225880
225881
225884
225885
225886
225887
225888
225889
225891
225892
225893
225894
225895
225896
225897
225898
225899
225900
225901
225902
225904
225905
225907
225908
225909
225914
225915
225918
225920
225921
225930
225931
225932
225933
225934
225936
225937
225938
225939
225940
225941
225942
225943
225944
225947
225984
226004
226016
226026
226027
226028
226029
226031
226032
226033
226034
226039
226042
226043
226044
226046
226069
226070
226071
226072
226074
226075
226076
226077
226082
226083
226084
226139
226141
226142
226143
226339
226341
226343
226344
226346
226357
226414
226416
226421
226423
226483
226484
226488
226489
226491
226493
226495
226497
226499
226502
226518
226520
226579
226595
226673
226675
226712
226714
226716
226718
226719
226720
226923
226928
226929
226930
226932
226933
226934
226935
226937
226975
226979
226980
227111
227164
227177
227199
227252
227255
227257
227291
227297
227298
227300
227311
227312
227323
227339
227340
227341
227344
227383
227392
227394
227396
227398
227402
227417
227420
227421
227422
227424
227426
227427
227428
227429
227430
227431
227432
227433
227434
227435
227437
227438
227439
227440
227441
227442
227443
227444
227445
227446
227447
227448
227449
227450
227451
227452
227453
227454
227455
227456
227457
227458
227459
227460
227461
227462
227463
227464
227465
227466
227467
227468
227470
227471
227472
227473
227474
227483
227484
227485
227486
227487
227489
227490
227491
227492
227493
227494
227495
227496
227497
227498
227499
227501
227502
227503
227504
227505
227506
227507
227508
227510
227511
227512
227513
227538
227539
227541
227542
227543
227544
227545
227546
227547
227548
227549
227550
227552
227553
227554
227556
227557
227558
227559
227560
227561
227562
227563
227564
227565
227566
227567
227568
227569
227570
227571
227573
227574
227575
227576
227577
227585
227586
227587
227588
227589
227590
227591
227592
227593
227594
227595
227596
227597
227598
227599
227600
227601
227602
227603
227604
227605
227606
227607
227608
227609
227610
227611
227612
227613
227614
227615
227616
227626
227628
227629
227630
227631
227635
227636
227637
227638
227642
227643
227644
227645
227646
227647
227648
227649
227653
227663
227664
227666
227667
227669
227670
227671
227672
227674
227675
227676
227677
227678
227679
227686
227687
227688
227700
227703
227704
227705
227706
227708
227709
227710
227711
227713
227714
227715
227716
227717
227718
227719
227720
227721
227730
227731
227732
227737
227738
227739
227753
227754
227755
227773
227774
227776
227777
227779
227780
227781
227782
227783
227898
227899
227900
227901
227906
227912
227913
227914
227915
227916
227918
227920
227921
227923
227924
227925
227926
227927
227928
227930
227931
227932
227933
227934
227935
227936
227937
227938
227939
227940
227948
227949
227951
227953
227954
227955
227956
227957
227958
227959
227960
227961
227962
227963
227964
227965
227969
227970
227971
227973
227974
227976
227977
227978
227979
227980
227981
227982
227983
227984
227985
227986
227987
227988
227989
227990
227991
227992
227993
227994
227995
227996
227997
227998
227999
228000
228001
228002
228003
228004
228005
228006
228007
228008
228009
228010
228011
228012
228013
228014
228015
228016
228017
228018
228019
228020
228021
228022
228024
228025
228026
228027
228028
228029
228030
228035
228036
228037
228038
228039
228040
228045
228046
228047
228048
228049
228050
228051
228052
228053
228054
228055
228056
228057
228058
228059
228060
228061
228062
228063
228064
228065
228066
228067
228068
228069
228070
228071
228072
228073
228074
228075
228076
228077
228078
228079
228080
228082
228092
228100
228174
228175
228191
228192
228193
228194
228195
228196
228197
228202
228203
228220
228225
228226
228227
228228
228229
228232
228234
228235
228237
228239
228241
228242
228243
228244
228245
228246
228247
228249
228250
228252
228253
228254
228255
228256
228257
228258
228259
228267
228268
228269
228270
228271
228272
228273
228274
228280
228281
228282
228283
228284
228285
228286
228287
228288
228289
228290
228291
228292
228293
228294
228297
228305
228306
228310
228314
228319
228323
228325
228328
228330
228332
228334
228335
228336
228341
228344
228351
228563
228564
228566
228572
228648
228661
228663
228702
228709
228711
228719
228721
228723
228729
228730
228732
228734
228736
228738
228740
228757
228759
228793
228831
228843
228848
228947
228948
228988
228990
229046
229049
