221197
207781
207702
207791
207792
207944
207945
207946
207947
207948
207949
207950
207951
207952
41122
207953
207954
207955
207956
207957
207958
207959
207960
205178
207961
207962
207963
207964
207965
98638
207966
207967
199691
207968
135987
207969
207970
207971
207972
207973
207974
207975
207976
207977
207978
207979
207980
137756
207981
207982
207983
207984
207985
207986
207987
207988
203726
184839
207989
207990
207991
207992
207993
207994
207995
207996
207997
103414
207998
48164
206097
207999
52939
208000
208001
208002
208003
208004
208005
208006
208007
208008
208009
199654
174690
208010
208011
208012
208013
208014
208015
91320
208016
208017
208018
208019
208020
208021
208022
208023
208024
208025
208026
208027
208028
208029
190493
208030
208031
208032
208033
46133
187737
66367
208034
5969
208035
208036
208037
208038
208039
37796
208040
202281
208041
154629
208042
208043
208044
208045
208046
208047
208048
208049
208050
208051
57857
61348
208052
61127
208053
201137
208054
208055
208056
208057
208058
208059
32342
208060
208061
113657
208062
208063
208064
208065
208066
208067
208068
208069
208070
208071
208072
5978
208073
114033
208074
208075
208076
57820
208077
179239
208078
56080
35712
208079
41177
208080
90266
208081
208082
208083
208084
208085
208086
208087
208088
6167
208089
208090
208091
208092
208093
208094
208095
208096
208097
170097
208098
208099
208100
208101
208102
208103
208104
123440
208105
208106
208107
208108
208109
208110
208111
85502
208112
3964
208113
68191
208114
208115
208116
208117
208118
208119
208120
208121
208122
208123
137899
123471
208124
98596
208125
208126
208127
208128
208129
208130
208131
194164
208132
208133
38276
208134
208135
208136
208137
208138
208139
208140
208141
208142
208143
208144
208145
208146
208147
208148
208149
208150
172863
208151
208152
208153
208154
68549
194530
208155
208156
208157
208158
208159
208160
208161
206271
208162
208163
208164
208165
208166
208167
208168
208169
208170
208171
3911
208172
208173
208174
208175
208176
208177
208178
202815
208179
208180
208181
208182
208183
208184
208185
184795
208186
208187
208188
208189
208190
208191
208192
208193
128212
208194
135971
208195
66324
208196
73127
208197
208198
208199
208200
208201
208202
208203
206120
208204
208205
208206
190481
208207
208208
128118
68443
208209
208210
208211
208212
152814
208213
208214
208215
66234
208216
208217
208218
208219
208220
208221
208222
208223
208224
208225
208226
208227
3920
208228
208229
77989
208230
208231
208232
208233
66363
208234
208235
208236
184813
208237
208238
208239
208240
208241
208242
208243
203757
208244
208245
208246
208247
208248
208249
208250
208251
208252
208253
202636
208254
208255
208256
90186
208257
208258
208259
177465
208260
208261
182495
208262
119148
208263
208264
208265
202566
208266
208267
208268
208269
208270
208271
30401
208272
208273
208274
208275
208276
208277
208278
208279
208280
204561
208281
208282
208283
208284
208285
208286
208287
208288
208289
208290
68291
208291
208292
208293
208294
208295
208296
208297
208298
208299
208300
208301
208302
208303
208304
208305
208306
208307
208308
98522
98353
178812
208309
208310
190511
208311
208312
208313
78059
208314
208315
208316
208317
208318
208319
208320
208321
208322
208323
208324
208325
208326
208327
208328
208329
208330
208331
208332
208333
208334
30397
208335
208336
51078
208337
208338
208339
208340
208341
208342
208343
208344
208345
208346
208347
208348
98534
208349
208350
208351
208352
208353
208354
208355
208356
208357
208358
208359
208360
208361
208362
106421
208363
208364
208365
208366
208367
208368
208369
208370
208371
208372
53029
208373
208374
208375
208376
208377
208378
208379
208380
208381
208382
208383
5811
208384
208385
208386
208387
208388
208389
37645
182372
208390
208391
208392
208393
208394
208395
208396
208397
208398
208399
208400
208401
208402
208403
208404
208405
208406
208407
101423
208408
208409
208410
208411
174639
78018
208412
128789
208413
85210
208414
208415
208416
208417
208418
208419
208420
119161
78171
208421
208422
208423
208424
208425
208426
208427
208428
208429
208430
208431
208432
201148
208433
208434
208435
208436
208437
208438
208439
207251
208440
208441
108315
208442
190969
208443
3764
208444
208445
208446
208447
101514
208448
208449
6075
208450
208451
208452
208453
208454
208455
208456
123724
208457
208458
208459
202400
208460
208461
48358
208462
208463
208464
154890
208465
135979
208466
208467
208468
208469
208470
196065
208471
208472
208473
208474
208475
208476
207288
208477
208478
206055
33059
208479
208480
208481
208482
191458
208483
208484
208485
208486
208487
208488
174109
208489
208490
208491
208492
208493
208494
208495
208496
208497
208498
208499
96391
208500
208501
208502
208503
208504
208505
208506
208507
208508
208509
208510
208511
208512
208513
208514
208515
178746
208516
208517
208518
113588
208519
208520
208521
208522
208523
208524
208525
208526
208527
208528
208529
208530
30353
208531
208532
208533
208534
208535
208536
208537
208538
208539
208540
208541
208542
208543
208544
208545
208546
208547
208548
208549
208550
208551
208552
208553
208554
208555
208556
208557
208558
52999
208559
90462
208560
208561
208562
208563
208564
68380
208565
208566
208567
208568
196052
208569
208570
208571
208572
208573
208574
208575
208576
32730
208577
208578
208579
63622
208580
208581
137885
208582
208583
190269
208584
208585
208586
208587
208588
208589
208590
208591
208592
96469
208593
208594
206140
208595
208596
208597
208598
208599
208600
208601
174708
208602
208603
208604
208605
208606
208607
208608
85463
154998
208609
178761
208610
208611
208612
77824
208613
208614
208615
208616
208617
208618
33182
78010
208619
208620
208621
208622
208623
208624
208625
208626
208627
208628
208629
118760
208630
208631
208632
208633
75979
48151
208634
208635
202230
208636
208637
85280
208638
208639
208640
208641
208642
208643
208644
98371
208645
208646
207310
208647
208648
208649
208650
46217
208651
208652
208653
208654
33024
208655
196014
208656
208657
208658
208659
208660
208661
208662
208663
106558
208664
208665
208666
38272
208667
208668
208669
208670
128016
208671
208672
208673
208674
208675
208676
208677
208678
208679
208680
208681
208682
208683
208684
208685
208686
137861
208687
208688
208689
208690
208691
208692
208693
208694
208695
208696
208697
5957
208698
208699
116842
208700
208701
208702
208703
208704
208705
208706
208707
208708
185176
208709
206083
208710
108391
206048
208711
52985
208712
208713
208714
208715
208716
208717
208718
208719
208720
208721
208722
208723
208724
208725
208726
208727
208728
208729
208730
206356
208731
128145
208732
208733
208734
208735
208736
208737
208738
182284
208739
208740
208741
208742
208743
208744
83296
208745
208746
208747
208748
75943
208749
208750
208751
203212
208752
208753
208754
208755
114012
90288
77823
208756
202808
208757
208758
208759
208760
208761
208762
208763
208764
208765
208766
208767
208768
137815
208769
208770
178884
208771
208772
169722
208773
208774
208775
208776
154684
208777
208778
208779
208780
208781
42998
208782
208783
208784
41152
208785
208786
208787
90346
208788
208789
208790
208791
208792
208793
208794
208795
208796
208797
208798
208799
208800
208801
208802
208803
208804
208805
43151
208806
208807
208808
208809
208810
208811
208812
208813
208814
208815
208816
202648
185189
208817
208818
33006
208819
208820
138053
208821
208822
208823
53011
194176
123480
208824
208825
208826
208827
208828
208829
208830
208831
174677
196101
208832
208833
208834
208835
208836
208837
208838
208839
48257
208840
208841
208842
208843
208844
208845
85402
177533
68548
208846
208847
208848
208849
208850
208851
208852
208853
208854
208855
208856
208857
208858
208859
208860
53263
208861
154690
208862
208863
208864
208865
208866
66169
208867
208868
208869
208870
208871
208872
194506
208873
208874
208875
208876
208877
208878
208879
77977
208880
208881
208882
208883
208884
208885
208886
172862
208887
208888
208889
208890
208891
208892
208893
208894
208895
208896
208897
163349
208898
208899
208900
42950
208901
208902
208903
208904
208905
208906
208907
208908
208909
208910
208911
63629
208912
208913
103654
208914
208915
208916
123579
208917
154574
208918
208919
208920
208921
208922
208923
208924
208925
208926
208927
208928
208929
208930
208931
208932
208933
208934
208935
208936
116845
208937
208938
208939
208940
208941
208942
202611
208943
208944
208945
208946
208947
208948
208949
208950
208951
208952
208953
208954
208955
182576
203764
208956
208957
208958
208959
208960
208961
208962
6049
196050
208963
208964
208965
208966
208967
208968
182347
85483
208969
208970
208971
208972
208973
208974
6014
208975
208976
208977
108277
199787
208978
90472
208979
208980
208981
208982
208983
208984
208985
208986
182455
208987
208988
208989
208990
208991
208992
68295
208993
208994
208995
208996
208997
174743
208998
208999
209000
209001
209002
209003
209004
209005
209006
174686
209007
209008
116665
209009
103775
209010
209011
209012
209013
209014
209015
209016
209017
209018
209019
209020
209021
202565
209022
209023
209024
209025
209026
209027
48251
209028
57955
209029
209030
209031
209032
209033
209034
209035
209036
178767
201242
209037
209038
170072
209039
209040
209041
209042
71350
209043
209044
209045
209046
209047
209048
209049
209050
209051
6067
209052
209053
63316
209054
209055
209056
209057
209058
209059
209060
209061
209062
209063
209064
202638
209065
30350
209066
209067
209068
209069
209070
209071
209072
35719
209073
204489
209074
209075
209076
209077
209078
209079
209080
209081
209082
209083
209084
209085
182369
209086
209087
209088
209089
209090
196074
209091
209092
203690
209093
209094
158464
209095
209096
209097
209098
209099
209100
209101
209102
209103
209104
209105
209106
90446
209107
209108
209109
209110
209111
209112
209113
209114
128241
209115
209116
209117
209118
209119
209120
209121
209122
209123
209124
209125
209126
209127
204712
68158
209128
209129
50991
209130
6180
61277
209131
209132
209133
209134
209135
209136
209137
209138
209139
209140
209141
38283
35867
209142
209143
209144
209145
209146
209147
209148
179212
209149
66165
209150
209151
209152
209153
209154
209155
204700
209156
209157
209158
209159
209160
206115
209161
209162
155661
209163
209164
123249
209165
209166
209167
209168
170171
209169
190456
209170
179282
209171
209172
209173
209174
209175
209176
209177
209178
209179
209180
209181
209182
209183
209184
209185
209186
209187
209188
209189
58447
209190
209191
6175
137983
209192
209193
209194
98565
209195
209196
199660
209197
209198
209199
209200
209201
182427
209202
209203
209204
209205
209206
209207
209208
209209
209210
209211
209212
154536
137852
207376
204707
209213
209214
209215
209216
201377
46136
209217
101669
209218
209219
209220
209221
209222
209223
209224
68569
209225
209226
209227
209228
209229
209230
209231
209232
209233
209234
209235
209236
209237
209238
209239
209240
209241
209242
209243
209244
209245
45980
209246
209247
154996
209248
209249
209250
209251
209252
209253
209254
205257
209255
209256
209257
209258
209259
202205
209260
37659
209261
209262
209263
52885
209264
209265
209266
209267
209268
209269
209270
209271
113485
190614
209272
138080
68381
209273
209274
209275
209276
209277
209278
209279
179198
209280
209281
209282
209283
209284
209285
209286
209287
209288
209289
209290
96535
209291
209292
209293
58462
201485
209294
209295
43272
209296
113313
209297
209298
209299
209300
209301
209302
6118
209303
209304
209305
209306
209307
209308
190702
209309
209310
209311
90271
6274
209312
209313
46165
209314
209315
209316
209317
88151
209318
209319
48274
209320
209321
202266
209322
209323
209324
123551
209325
209326
209327
209328
209329
113604
209330
209331
199782
209332
209333
209334
209335
209336
209337
209338
77925
209339
209340
209341
209342
209343
209344
209345
209346
209347
209348
77955
209349
209350
114031
209351
209352
209353
123485
209354
209355
209356
209357
209358
209359
209360
209361
209362
209363
209364
209365
209366
209367
209368
209369
209370
209371
209372
209373
190598
209374
111677
209375
209376
209377
209378
209379
108381
209380
209381
209382
209383
209384
209385
209386
209387
209388
209389
209390
71282
209391
209392
209393
209394
209395
184843
209396
209397
209398
209399
46054
209400
209401
209402
169241
209403
209404
209405
5812
209406
37716
209407
209408
209409
209410
209411
209412
3742
209413
209414
209415
209416
209417
209418
209419
209420
209421
209422
209423
63258
209424
209425
209426
209427
209428
209429
78014
170175
209430
209431
209432
90207
209433
209434
209435
209436
209437
209438
209439
209440
85491
209441
209442
209443
209444
209445
209446
209447
209448
209449
209450
209451
209452
209453
209454
128999
209455
174736
209456
202794
209457
209458
209459
209460
209461
209462
209463
209464
209465
101604
209466
123539
209467
103561
209468
35890
209469
209470
209471
48351
209472
209473
209474
209475
209476
209477
209478
209479
209480
51015
111607
209481
209482
209483
209484
30378
170177
209485
32334
209486
209487
209488
209489
209490
206119
68406
91271
182483
30343
209491
209492
209493
57980
209494
182624
209495
209496
209497
209498
209499
209500
209501
209502
209503
66403
209504
209505
128346
209506
209507
209508
209509
209510
209511
209512
77901
209513
206285
202803
209514
209515
209516
209517
209518
209519
209520
209521
209522
209523
209524
209525
209526
209527
209528
209529
202558
209530
209531
209532
209533
209534
209535
209536
209537
209538
209539
209540
209541
209542
209543
209544
30452
90340
209545
209546
209547
209548
209549
209550
209551
209552
209553
209554
209555
209556
209557
209558
209559
209560
209561
209562
209563
209564
202637
209565
209566
209567
209568
209569
209570
209571
209572
209573
209574
209575
209576
209577
209578
194205
209579
209580
209581
209582
202610
209583
209584
154851
209585
113658
209586
209587
209588
123418
116765
209589
209590
209591
203756
209592
209593
209594
209595
209596
209597
209598
209599
209600
209601
209602
202884
209603
209604
209605
209606
209607
209608
209609
209610
209611
209612
209613
209614
209615
209616
88267
209617
90522
209618
209619
209620
209621
209622
209623
209624
209625
209626
209627
209628
209629
209630
209631
209632
209633
209634
209635
209636
209637
101418
209638
209639
209640
209641
209642
90471
209643
209644
209645
209646
209647
209648
209649
209650
209651
209652
113523
209653
209654
209655
209656
209657
209658
48093
209659
155623
209660
58477
128897
209661
209662
209663
209664
209665
209666
108379
209667
209668
209669
209670
209671
209672
209673
209674
209675
209676
209677
209678
209679
38214
209680
203727
209681
209682
209683
209684
88124
209685
111713
209686
209687
209688
209689
209690
209691
209692
209693
209694
209695
209696
209697
209698
43244
209699
209700
45985
209701
209702
123448
170210
209703
169587
209704
209705
209706
209707
101419
209708
209709
85145
209710
209711
209712
209713
174746
209714
209715
202325
209716
209717
209718
209719
209720
209721
209722
209723
209724
209725
209726
209727
209728
209729
209730
209731
103434
209732
209733
209734
40923
209735
209736
199648
209737
209738
209739
182211
209740
209741
209742
209743
209744
209745
209746
201353
209747
209748
209749
123593
209750
209751
209752
209753
209754
111703
209755
209756
209757
170114
78020
209758
209759
209760
209761
209762
194503
209763
209764
209765
209766
209767
209768
182412
209769
209770
209771
43289
209772
209773
154984
209774
209775
209776
209777
158409
209778
209779
98430
209780
209781
209782
206359
209783
209784
209785
209786
209787
209788
209789
209790
209791
209792
108553
209793
209794
209795
209796
209797
209798
33167
209799
209800
43008
209801
209802
209803
209804
209805
209806
113487
209807
209808
209809
209810
209811
116720
209812
209813
209814
209815
209816
209817
123601
209818
209819
209820
209821
209822
209823
209824
209825
209826
209827
209828
42952
209829
209830
209831
209832
209833
98441
209834
209835
96403
209836
209837
209838
209839
209840
209841
209842
209843
33150
209844
209845
209846
209847
209848
202707
209849
209850
6037
209851
209852
209853
209854
209855
169756
209856
209857
209858
209859
209860
209861
103291
209862
207821
209863
209864
209865
209866
209867
209868
209869
179405
209870
209871
209872
209873
209874
6155
209875
209876
209877
202669
209878
209879
209880
209881
209882
209883
209884
209885
209886
209887
209888
209889
209890
209891
209892
209893
209894
209895
88138
209896
209897
209898
204559
209899
209900
209901
209902
206363
209903
209904
209905
209906
209907
209908
209909
209910
209911
209912
209913
209914
209915
209916
209917
209918
209919
209920
182465
209921
196062
209922
209923
209924
209925
209926
209927
37451
209928
206523
209929
209930
209931
209932
75901
209933
209934
209935
209936
209937
32359
209938
209939
209940
172512
209941
209942
209943
209944
209945
201319
209946
209947
209948
209949
209950
209951
209952
209953
209954
209955
209956
209957
209958
209959
209960
32175
209961
63580
209962
209963
209964
209965
209966
209967
78167
209968
209969
209970
209971
209972
209973
209974
209975
209976
209977
209978
209979
209980
209981
46022
209982
209983
209984
209985
209986
209987
209988
209989
209990
199729
121635
142869
209991
209992
209993
209994
108866
85262
209995
209996
209997
209998
202333
209999
210000
85215
210001
210002
210003
210004
210005
152787
210006
210007
210008
210009
210010
210011
113638
210012
210013
85499
210014
210015
210016
210017
210018
210019
210020
210021
210022
210023
210024
210025
61310
210026
210027
210028
210029
37680
210030
210031
38268
210032
