209486
212268
218693
209812
208302
224303
228685
214134
194512
219040
211228
123414
210097
225541
219768
205127
210445
216019
228325
214654
210291
35678
224503
184859
213012
221544
223922
213470
190501
217172
210002
211006
215594
221271
68206
213208
208695
223358
211796
220237
221541
218090
209445
227143
228495
228414
221697
209324
219398
219109
226502
224901
222384
218394
228100
194160
218524
216014
216893
220138
216793
211109
212253
211562
208933
219163
225294
225349
216753
227518
137871
225629
221695
207376
216028
209441
187730
208913
222278
211705
225561
216894
207945
211620
226663
215063
212720
191458
211775
225709
219913
214904
225508
220475
215149
225637
226578
225522
83333
68425
216737
222222
209700
210348
214938
215496
210826
224723
137976
155601
211447
224312
225074
221832
211478
68050
214057
61266
220745
223693
228574
66337
224171
211879
227230
223642
218390
208095
48274
217269
209496
213909
221759
221646
218722
218971
226285
225885
209498
208387
222362
217699
226222
219821
224058
219217
210269
219389
220753
225499
217543
211691
213154
214529
219419
57980
227509
224706
222530
211155
224211
227341
57800
213072
220037
217585
219501
214352
210929
210605
210206
227853
210964
218996
211055
224208
225036
223686
210401
103768
217552
213324
228808
208832
227494
224841
201489
185352
224292
207468
219958
98568
222264
221803
213902
223033
223108
223231
213055
179405
222900
225545
217084
224891
221770
213274
154719
213836
214640
222231
227191
218338
211982
212623
216455
5902
213655
45967
3908
227083
212013
222921
3944
227353
228204
215859
223400
170347
217665
226191
208746
227396
6110
212868
221278
220214
227449
155604
68523
219946
210389
220555
218677
222356
219992
203694
228947
212028
224882
221083
219374
213203
225523
222033
228174
222182
210750
224003
215715
215939
226900
227707
210022
217866
219920
118793
226393
217715
77989
218164
209982
224912
103570
221563
217475
66241
210297
210242
221446
68250
210576
51078
218460
226498
208865
155603
201294
208348
220001
210617
212228
137888
5916
209135
224800
217944
208073
225502
218749
75937
218834
227754
210951
208425
213387
213374
208656
208784
224798
227133
128840
184813
208757
227934
228033
222940
222184
218288
225333
226294
225076
221069
211886
225048
3696
218499
214966
154841
221308
226278
212204
137873
223000
215418
215530
215897
209707
228359
220155
214692
212477
218901
222040
85292
225271
220956
226875
217359
217154
202560
208772
213699
208316
221482
217371
218026
137778
209789
217256
217065
187680
226913
216453
48086
190456
215765
211145
212258
215059
61147
108349
90260
227655
216421
218357
221550
227923
209262
218968
56031
213497
218670
225568
212568
211840
48047
218895
216652
78182
208405
219207
207957
61178
211816
216880
227242
213375
214893
209357
224238
216682
220402
227673
213937
209455
207325
212314
213733
224625
215752
228939
224135
225002
223778
224080
216522
227628
222988
214794
225151
214053
208158
219128
220664
224919
208638
223248
223181
210599
154734
228067
214779
223976
96595
227404
223777
226114
224985
228885
220677
199636
224639
210432
214975
41109
225754
209148
213030
210436
209854
224888
219301
215708
220107
221959
43301
214208
216284
209183
221325
224045
178787
214843
216182
214983
211565
98495
228464
217331
211875
214716
209141
222588
213891
223831
212137
225256
220594
215206
217587
205272
118802
227547
213660
210067
43117
217337
220739
218983
217035
214316
75905
224167
228127
32977
226081
222895
225656
194552
103779
214591
228738
113578
223712
137924
179217
214440
217246
228044
217282
169762
209506
211289
213142
91260
223553
210662
96402
213323
209603
227004
33160
201113
223125
227878
215203
225747
221004
216884
222720
214872
212964
213155
209193
225298
208930
228973
211776
155661
222542
219943
48179
119155
218170
211839
212160
215049
215704
212293
208721
226788
223987
209818
137819
48349
220651
225399
199693
221662
214094
221751
223961
212274
210945
154695
227031
220929
225186
214274
210329
216669
223656
35849
228051
216629
227937
226118
210764
207228
222962
37716
225006
210181
221719
6278
224748
219673
225041
217726
217774
154530
3764
219750
223598
215284
225859
223095
216293
209409
221622
209803
209184
212278
227245
208151
211217
209766
209159
217778
208597
206167
222784
220546
209734
227181
101626
52893
208691
227040
226179
219561
108381
217633
128811
123584
226678
137753
53005
216842
209369
225567
225871
182186
208554
219817
223086
215180
216989
225516
215274
209095
215349
220765
208033
211123
210365
204578
218998
213582
215198
209868
223399
227474
211475
227939
196065
217449
220731
224687
214608
223822
204489
214119
211144
211007
223240
225998
208114
227176
101611
226610
227239
227550
113542
208050
217950
224601
212280
223942
90177
220902
214675
210442
57883
225562
213587
212726
208168
214705
219763
221265
222498
221607
216757
96404
214632
223958
224346
227989
219230
61277
216514
208996
218260
128929
220299
208932
217102
52916
223981
211528
208268
52970
221827
207970
210270
221530
218316
212304
222601
223585
193159
212094
220301
219476
218519
178748
226117
214455
214476
226694
216886
66327
222050
210054
190349
223716
216970
215473
225532
220906
215713
217507
227815
218393
41143
215078
101640
210010
212745
223242
217144
121609
207290
207230
221233
221443
211514
220429
209957
221203
221888
223050
217663
226414
223454
226059
152612
227382
216635
213119
215589
210472
114013
208049
225063
210898
5816
219199
222531
215441
217321
208198
219854
223622
216564
214613
220720
90486
43281
213576
222883
101423
223660
208799
215341
215662
219909
215883
210196
91327
114032
221007
219721
213875
216185
225850
224999
174713
33274
220661
221596
211161
91231
218668
182396
215133
220800
53220
35784
225956
225370
223142
211301
215729
210588
217247
216908
219538
218862
217335
179266
212951
221547
222041
214501
3957
216653
218814
223845
214550
225659
209849
226838
210255
215338
217397
216508
210450
217695
213412
215601
209039
215805
226483
224937
224780
222168
223289
222851
212993
209627
226116
228087
222537
225995
215034
209797
212581
228886
227905
174202
211286
211710
221442
214255
45966
209151
228498
174762
227521
158413
101675
182576
226160
218166
223262
77937
216330
216740
212298
218582
228162
214161
221826
208491
208911
216406
211832
215019
216856
221565
211595
182527
226939
220446
228078
214533
211008
123748
214032
48100
223008
211455
35337
205266
224002
219241
209519
223871
209479
225300
211395
214851
201481
103614
212754
215191
218387
220433
213454
227786
217839
213259
219861
221855
221533
219173
221569
220850
219203
209861
223035
219300
217381
214636
227401
208674
218173
190537
152628
220385
218795
213575
220340
215736
170072
208946
226946
78173
225527
103639
222097
218108
215421
214673
222043
220221
83372
225904
219402
221128
215233
225772
221269
208445
78177
202646
185186
154964
209407
223782
212533
207980
226034
224027
228799
216154
220698
163350
207298
224061
214680
222778
216470
228537
208113
213986
187736
213883
218200
216844
221861
225971
32992
85287
208132
216364
224293
223988
226706
216417
208558
222201
220002
213241
209808
223096
211521
224152
227215
214814
218802
208855
217145
221987
210620
220434
212644
170216
208240
194164
214674
217440
228525
207495
219591
221506
38195
220648
221458
223630
216290
182211
194466
228615
225506
222175
217525
210479
43051
213920
223690
220843
209647
98522
224326
211893
211040
220064
215932
214708
210100
215011
225321
227926
178425
211176
222363
216415
218941
179280
216575
207852
213433
190474
222194
216370
154792
214860
226657
215079
218539
228794
228372
211116
214504
222270
210495
224187
216933
226033
227002
228377
225513
221512
209898
216411
224086
219969
211535
202273
214289
226494
220370
212755
137900
221337
227784
220110
212952
225025
222492
220618
218721
223418
223575
216953
170152
208496
154890
216212
208206
215105
214552
214833
215616
216748
213924
225422
227800
219939
222749
227588
213422
169748
227631
214171
211170
221258
227640
223596
218417
219931
208109
209944
218641
224792
169596
223718
213156
41161
225314
218601
214230
222035
228397
61271
216490
210694
213357
213601
221939
214037
211712
218844
75964
208273
226620
228025
220234
211740
213212
226151
222129
211508
129006
215991
58388
187724
218302
223771
210995
214041
213550
214867
217368
223196
211278
94027
213925
221737
222986
78026
209402
219468
212895
223148
108465
225040
226019
227153
223881
210424
227660
215564
194349
223480
57876
212770
228063
228112
211936
211272
219338
225458
219242
33022
216135
224573
218836
215880
211536
98557
213896
228197
221355
226246
210684
128154
216794
216329
226613
218745
221411
221918
194650
211636
211323
6067
219244
214356
228777
226738
219785
223608
75809
227658
219996
206107
220341
223646
215620
202231
215377
33139
209739
212610
215650
57794
213483
221677
214528
217342
227840
219724
207956
225411
211363
212064
228135
213689
226236
223809
57821
177118
224390
215162
226099
227234
215634
216699
220759
209211
160215
213160
212367
209649
226109
216954
227559
209411
38203
210955
211481
208791
225789
35728
209174
220458
226868
32140
210474
220386
223613
214753
213289
212836
228811
228617
218777
221348
219019
208514
223501
220300
218101
103505
220934
228972
209319
219449
219558
5943
227886
215025
228019
138061
216443
212500
223911
227169
223210
217872
221894
222123
218422
223282
216418
225377
222249
225630
218707
225348
170120
219170
228715
215580
213048
212588
48132
224698
226792
214729
227148
218110
223931
228653
215489
209268
182202
210771
224711
222116
222216
226104
212209
223888
210372
209511
213972
217934
213679
33023
225188
218180
225751
217809
215658
224501
226744
219112
211578
227515
101514
228346
211791
218518
212635
190417
224222
227822
212688
212404
217858
226138
218474
209127
228789
172837
222854
224348
213234
220926
5978
224534
211497
209429
193121
211624
216184
210903
227944
45983
75834
221016
223829
212207
211949
218050
123574
226500
208334
227520
32338
227532
224011
212650
217671
224518
214702
52838
210638
224662
212899
219982
219844
215810
227983
215884
208899
209006
213455
215365
224046
211525
216523
224759
228593
227125
224182
212867
217208
213138
212333
90163
88137
203153
208184
209884
219764
228957
57971
215753
170060
209248
211649
221033
222814
218959
208004
201441
227282
211375
214227
211551
220181
222124
37675
210823
71188
225795
226490
223417
98744
222791
215023
209597
222914
179230
219658
212384
43272
213023
223880
215868
211991
217456
217162
210419
228554
216469
217075
214633
226768
212620
219635
209735
211037
217067
226166
101421
210496
208741
213492
226988
219103
170248
223790
226275
223412
223504
214555
211576
226877
209872
213144
211213
211703
224795
35813
217348
219198
210111
215164
46118
215981
207998
219029
223990
220533
223477
225927
35860
208846
216303
227190
66379
191449
220667
66172
209100
213797
212110
223065
209648
221940
224591
179237
223127
208715
224472
214862
219366
113465
137771
211557
119128
213955
224586
208267
218824
226828
219313
227924
66363
227769
227526
214624
85407
217054
228730
184860
123579
216667
128810
210968
214494
208957
226240
221432
223150
194530
108825
90445
221485
196045
228892
218663
220432
227508
209474
198792
85446
222621
227488
199626
224957
228736
226242
223292
226956
222961
155597
220090
227605
222431
202729
208763
217119
216140
225277
121565
228321
219276
225584
209790
228690
209826
57687
214124
215598
226276
63641
222970
48013
219410
221347
220352
228712
210355
152763
226543
222571
114071
216845
225565
221840
227900
221837
224327
208160
221227
213957
214358
106469
227187
154609
221539
226383
211492
228516
227767
222004
113657
221859
223820
210980
68372
220112
226123
217754
223460
215643
154896
209103
223015
193131
210618
221799
228024
211267
220932
220074
212065
201180
214744
226581
219454
222190
52999
219151
215101
222488
210718
214891
52885
220493
209025
222472
224678
220668
222150
218486
213998
223918
214431
208717
201187
209930
228275
212803
218061
223544
214252
174719
219034
228927
216102
213743
220649
220595
208752
219111
223340
219146
182270
217886
224725
223676
219246
220004
63282
215351
225367
211381
217058
223573
121610
221808
215699
223900
37791
221473
220021
213824
3967
222615
210350
224997
211204
47986
221246
214429
223173
210527
211727
209670
210001
221243
226898
218274
227750
209438
225425
210463
220951
224134
201452
209905
221681
223307
208356
213928
55979
217775
227381
154640
217732
218067
228327
191037
202669
217898
204743
222118
227093
222138
218399
217733
220726
226931
6091
212790
225712
227988
218319
220988
210515
223029
208825
226161
215763
212630
215350
224908
214486
226165
215337
213724
225814
217125
218406
212133
208352
226538
216049
226611
214226
210856
224506
212575
226397
211574
220326
216448
85144
170218
213498
123465
220612
210743
178834
220597
228801
227046
213134
216142
223090
201202
103677
212267
223848
211833
225653
90345
152769
214029
71295
225103
68191
216464
214038
224480
209938
229017
210612
215896
212999
216294
213978
96598
216373
48029
214088
209440
223757
228088
210344
227267
213594
222165
218449
227779
220496
210828
42976
32920
217895
223437
228737
63341
226261
215546
113990
43100
219357
226621
226209
212941
223674
210150
212245
214672
214318
218156
220296
221383
223284
213105
220501
209381
113540
227651
113463
213377
209036
222159
227699
215090
213102
123260
210697
165563
201207
90589
215277
216608
217827
209395
227877
208611
228889
226466
203709
225717
226595
228651
224771
229077
55982
210529
208296
210263
217157
220378
215775
216745
207821
224204
211650
210509
221711
227059
213392
75745
211943
208428
210747
208677
215217
106454
209643
210572
210730
227965
201498
212301
226496
223308
220273
83370
116765
108912
90615
128841
206469
214894
224019
225564
209986
225586
220955
85228
228060
220452
228671
114057
219387
214189
229010
208767
224951
208053
227066
32359
215905
215872
213538
226078
227448
213037
225369
221536
209752
218579
211882
223405
224129
68415
202260
214103
48232
217226
221098
217340
114005
227423
212242
224073
227686
217235
212515
212949
208998
215956
3954
208697
209744
152766
216124
227465
222795
216836
212440
214104
215447
6295
209888
209062
215964
217473
190367
217629
228457
211817
85128
219325
224352
228202
219733
58429
227019
215978
212601
227151
223281
224124
35887
215979
213093
154570
214080
228458
222545
209862
221797
212804
154574
212465
229205
218700
226366
210006
222608
208528
208615
210205
217794
226157
113515
228272
209809
213762
214285
211512
209688
211273
219948
223798
225923
223583
211855
221094
211873
217890
225533
216060
215990
91320
217372
217631
228415
210468
228163
212285
213752
215196
48239
219183
227238
227010
210895
222263
219156
208055
58351
53057
227317
224850
225305
222105
6301
48105
214616
214828
212776
226476
222630
208492
207816
223500
224148
214756
226818
213488
212979
190511
206269
213436
220549
225373
152787
222748
214154
206234
227216
228239
219078
223748
98528
216798
68193
48216
225197
210844
208726
111736
209382
210748
212613
211284
190458
218562
216431
214228
211261
227982
85127
190631
213059
226587
227367
214802
46032
80375
103680
227756
224383
212864
216773
103447
211133
207999
222944
30353
218340
222915
209214
226241
228074
224605
214927
221038
214182
225994
228901
228929
223272
211108
201400
223641
208016
210382
90288
215371
218153
219439
216247
218009
215851
210484
226441
202266
215179
190351
228004
221813
223382
223780
101391
220782
218999
32129
208461
224750
222785
225220
210715
216096
216125
214866
226248
224567
6161
210238
221490
224768
6250
213207
227470
220950
152760
6307
209430
85210
228401
213236
209465
224986
225250
217360
216544
216887
227138
212955
215521
138045
229025
221467
211617
208864
224658
214442
219568
222058
219376
194225
190485
221641
215344
208103
215309
225623
226624
226911
226857
211382
222108
182480
222974
209364
217453
221700
177465
225661
215511
222864
223549
5892
216052
210974
214014
225154
222373
208321
90462
182448
217465
216767
209873
216082
211540
212914
219790
215136
37465
216074
214368
169609
207301
219627
219429
211239
208193
222747
218236
210658
224363
213205
77863
222459
225410
98598
218471
219752
85116
224637
224931
224188
113658
225457
98392
208020
223508
68269
210681
215283
138007
213585
213740
215645
228970
46223
225510
208621
214945
213042
215638
208118
214825
214139
221011
201449
228266
218244
211923
210367
217595
217447
214070
218936
214804
209228
215426
209177
214244
227087
217376
216729
217352
209368
222485
214438
211716
225699
213170
226418
83296
217657
218969
210122
223118
225644
3970
228726
214333
215512
96454
215484
226562
221136
210088
226460
217457
218910
229039
223793
212196
128152
108941
103661
216472
71246
225889
212422
228326
217793
101607
214234
214280
211532
226549
116828
211934
227443
77886
225281
217580
225359
209347
226001
198745
219494
218427
217135
208343
222533
43092
217205
223648
209266
212801
203723
209350
222617
209832
220960
220718
220097
208872
53234
216276
214717
215077
225312
221647
227284
222086
207990
211530
123781
210171
3920
226793
221790
216223
227416
217163
226291
202271
210948
33196
226967
227179
45968
227426
228633
211940
223444
217025
225819
214659
212222
228150
216804
211666
225906
222491
214304
217802
211928
220436
3911
213930
88295
216120
103539
228085
30352
228748
213281
219661
212680
213460
218667
199699
217942
226340
220787
229011
210713
118862
228170
210523
228347
216232
210004
223386
220901
108311
213112
210170
221215
208974
68561
226568
213364
208006
215695
216670
217903
227569
211431
220087
214287
228139
224142
218159
221263
217796
222790
184824
220819
222446
217784
190398
219560
215460
216676
207264
