3133080
3094608
3094626
3094627
3084861
3095214
3095215
3095216
3095217
3095218
3095219
3095220
3095221
3095222
3095223
3095224
3095225
3095226
3095227
3095228
3095229
3095230
3095231
3095232
3095233
3095234
3095235
3095236
3095237
3095238
3095239
3095240
3095241
3095242
3095243
3095244
3095245
3095246
3095247
3095248
3095249
3095250
3095251
3095252
3095253
3095254
3095255
3095256
3095257
3095258
3095259
3095260
3095261
3095262
3095263
3095264
3095265
3095266
3095267
3095268
3095269
3095270
3095271
3095272
3095273
3095274
3095275
3095276
3095277
3095278
3095279
3095280
3095281
3095282
3095283
3095284
3095285
3095286
3095287
3095288
3095289
3095290
3095291
3095292
3095293
3095294
3095295
3095296
3095297
3095298
3095299
3095300
3095301
3095302
3095303
3095304
3095305
3095306
3095307
3095308
3095309
3095310
3095311
3095312
3095313
3095314
3095315
3095316
3095317
3095318
3095319
3095320
3095321
3095322
3095323
3095324
3095325
3095326
3095327
3095328
3095329
3095330
3095331
3095332
3095333
3095334
3095335
3095336
3095337
3095338
3095339
3095340
3095341
3095342
3095343
3095344
3095345
3095346
3095347
3095348
3095349
3095350
3095351
3095352
3095353
3095354
3095355
3095356
3095357
3095358
3095359
3095360
3095361
3095362
3095363
3095364
3095365
3095366
3095367
3095368
3095369
3095370
3095371
3095372
3095373
3095374
3095375
3095376
3095377
3095378
3095379
3095380
3095381
3095382
3095383
3095384
3095385
3095386
3095387
3095388
3095389
3095390
3095391
3095392
3095393
3095394
3095395
3095396
3095397
3095398
3095399
3095400
3095401
3095402
3095403
3095404
3095405
3095406
3095407
3095408
3095409
3095410
3095411
3095412
3095413
3095414
3095415
3095416
3095417
3095418
3095419
3095420
3095421
3095422
3095423
3095424
3095425
3095426
3095427
3095428
3095429
3095430
3095431
3095432
3095433
3095434
3095435
3095436
3095437
3095438
3095439
3095440
3095441
3095442
3095443
3095444
3095445
3095446
3095447
3095448
3095449
3095450
3095451
3095452
3095453
3095454
3095455
3095456
3095457
3095458
3095459
3095460
3095461
3095462
3095463
3095464
3095465
3095466
3095467
3095468
3095469
3095470
3095471
3095472
3095473
3095474
3095475
3095476
3095477
3095478
3095479
3095480
3095481
3095482
3095483
3095484
3095485
3095486
3095487
3095488
3095489
3095490
3095491
3095492
3095493
3095494
3095495
3095496
3095497
3095498
3095499
3095500
3095501
3095502
3095503
3095504
3095505
3095506
3095507
3095508
3095509
3095510
3095511
3095512
3095513
3095514
3095515
3095516
3095517
3095518
3095519
3095520
3095521
3095522
3095523
3095524
3095525
3095526
3095527
3095528
3095529
3095530
3095531
3095532
3095533
3095534
3095535
3095536
3095537
3095538
3095539
3095540
3095541
3095542
3095543
3095544
3095545
3095546
3095547
3095548
3095549
3095550
3095551
3095552
3095553
3095554
3095555
3095556
3095557
3095558
3095559
3095560
3095561
3095562
3095563
3095564
3095565
3095566
3095567
3095568
3095569
3095570
3095571
3095572
3095573
3095574
3095575
3095576
3095577
3095578
3095579
3095580
3095581
3095582
3095583
3095584
3095585
3095586
3095587
3095588
3095589
3095590
3095591
3095592
3095593
3095594
3095595
3095596
3095597
3095598
3095599
3095600
3095601
3095602
3095603
3095604
3095605
3095606
3095607
3095608
3095609
3095610
3095611
3095612
3095613
3095614
3095615
3095616
3095617
3095618
3095619
3095620
3095621
3095622
3095623
3095624
3095625
3095626
3095627
3095628
3095629
3095630
3095631
3095632
3095633
3095634
3095635
3095636
3095637
3095638
3095639
3095640
3095641
3095642
3095643
3095644
3095645
3095646
3095647
3095648
3095649
3095650
3095651
3095652
3095653
3095654
3095655
3095656
3095657
3095658
3095659
3095660
3095661
3095662
3095663
3095664
3095665
3095666
3095667
3095668
3095669
3095670
3095671
3095672
3095673
3095674
3095675
3095676
3095677
3095678
3095679
3095680
3095681
3095682
3095683
3095684
3095685
3095686
3095687
3095688
3095689
3095690
3095691
3095692
3095693
3095694
3095695
3095696
3095697
3095698
3095699
3095700
3095701
3095702
3095703
3095704
3095705
3095706
3095707
3095708
3095709
3095710
3095711
3095712
3095713
3095714
3095715
3095716
3095717
3095718
3095719
3095720
3095721
3095722
3095723
3095724
3095725
3095726
3095727
3095728
3095729
3095730
3095731
3095732
3095733
3095734
3095735
3095736
3095737
3095738
3095739
3095740
3095741
3095742
3095743
3095744
3095745
3095746
3095747
3095748
3095749
3095750
3095751
3095752
3095753
3095754
3095755
3095756
3095757
3095758
3095759
3095760
3095761
3095762
3095763
3095764
3095765
3095766
3095767
3095768
3095769
3095770
3095771
3095772
3095773
3095774
3095775
3095776
3095777
3095778
3095779
3095780
3095781
3095782
3095783
3095784
3095785
3095786
3095787
3095788
3095789
3095790
3095791
3095792
3095793
3095794
3095795
3095796
3095797
3095798
3095799
3095800
3095801
3095802
3095803
3095804
3095805
3095806
3095807
3095808
3095809
3095810
3095811
3095812
3095813
3095814
3095815
3095816
3095817
3095818
3095819
3095820
3095821
3095822
3095823
3095824
3095825
3095826
3095827
3095828
3095829
3095830
3095831
3095832
3095833
3095834
3095835
3095836
3095837
3095838
3095839
3095840
3095841
3095842
3095843
3095844
3095845
3095846
3095847
3095848
3095849
3095850
3095851
3095852
3095853
3095854
3095855
3095856
3095857
3095858
3095859
3095860
3095861
3095862
3095863
3095864
3095865
3095866
3095867
3095868
3095869
3095870
3095871
3095872
3095873
3095874
3095875
3095876
3095877
3095878
3095879
3095880
3095881
3095882
3095883
3095884
3095885
3095886
3095887
3095888
3095889
3095890
3095891
3095892
3095893
3095894
3095895
3095896
3095897
3095898
3095899
3095900
3095901
3095902
3095903
3095904
3095905
3095906
3095907
3095908
3095909
3095910
3095911
3095912
3095913
3095914
3095915
3095916
3095917
3095918
3095919
3095920
3095921
3095922
3095923
3095924
3095925
3095926
3095927
3095928
3095929
3095930
3095931
3095932
3095933
3095934
3095935
3095936
3095937
3095938
3095939
3095940
3095941
3095942
3095943
3095944
3095945
3095946
3095947
3095948
3095949
3095950
3095951
3095952
3095953
3095954
3095955
3095956
3095957
3095958
3095959
3095960
3095961
3095962
3095963
3095964
3095965
3095966
3095967
3095968
3095969
3095970
3095971
3095972
3095973
3095974
3095975
3095976
3095977
3095978
3095979
3095980
3095981
3095982
3095983
3095984
3095985
3095986
3095987
3095988
3095989
3095990
3095991
3095992
3095993
3095994
3095995
3095996
3095997
3095998
3095999
3096000
3096001
3096002
3096003
3096004
3096005
3096006
3096007
3096008
3096009
3096010
3096011
3096012
3096013
3096014
3096015
3096016
3096017
3096018
3096019
3096020
3096021
3096022
3096023
3096024
3096025
3096026
3096027
3096028
3096029
3096030
3096031
3096032
3096033
3096034
3096035
3096036
3096037
3096038
3096039
3096040
3096041
3096042
3096043
3096044
3096045
3096046
3096047
3096048
3096049
3096050
3096051
3096052
3096053
3096054
3096055
3096056
3096057
3096058
3096059
3096060
3096061
3096062
3096063
3096064
3096065
3096066
3096067
3096068
3096069
3096070
3096071
3096072
3096073
3096074
3096075
3096076
3096077
3096078
3096079
3096080
3096081
3096082
3096083
3096084
3096085
3096086
3096087
3096088
3096089
3096090
3096091
3096092
3096093
3096094
3096095
3096096
3096097
3096098
3096099
3096100
3096101
3096102
3096103
3096104
3096105
3096106
3096107
3096108
3096109
3096110
3096111
3096112
3096113
3096114
3096115
3096116
3096117
3096118
3096119
3096120
3096121
3096122
3096123
3096124
3096125
3096126
3096127
3096128
3096129
3096130
3096131
3096132
3096133
3096134
3096135
3096136
3096137
3096138
3096139
3096140
3096141
3096142
3096143
3096144
3096145
3096146
3096147
3096148
3096149
3096150
3096151
3096152
3096153
3096154
3096155
3096156
3096157
3096158
3096159
3096160
3096161
3096162
3096163
3096164
3096165
3096166
3096167
3096168
3096169
3096170
3096171
3096172
3096173
3096174
3096175
3096176
3096177
3096178
3096179
3096180
3096181
3096182
3096183
3096184
3096185
3096186
3096187
3096188
3096189
3096190
3096191
3096192
3096193
3096194
3096195
3096196
3096197
3096198
3096199
3096200
3096201
3096202
3096203
3096204
3096205
3096206
3096207
3096208
3096209
3096210
3096211
3096212
3096213
3096214
3096215
3096216
3096217
3096218
3096219
3096220
3096221
3096222
3096223
3096224
3096225
3096226
3096227
3096228
3096229
3096230
3096231
3096232
3096233
3096234
3096235
3096236
3096237
3096238
3096239
3096240
3096241
3096242
3096243
3096244
3096245
3096246
3096247
3096248
3096249
3096250
3096251
3096252
3096253
3096254
3096255
3096256
3096257
3096258
3096259
3096260
3096261
3096262
3096263
3096264
3096265
3096266
3096267
3096268
3096269
3096270
3096271
3096272
3096273
3096274
3096275
3096276
3096277
3096278
3096279
3096280
3096281
3096282
3096283
3096284
3096285
3096286
3096287
3096288
3096289
3096290
3096291
3096292
3096293
3096294
3096295
3096296
3096297
3096298
3096300
3096301
3096302
3096303
3096304
3096305
3096306
3096307
3096308
3096309
3096310
3096311
3096312
3096313
3096314
3096315
3096316
3096317
3096318
3096319
3096320
3096321
3096322
3096323
3096324
3096325
3096326
3096327
3096328
3096329
3096330
3096331
3096332
3096333
3096334
3096335
3096336
3096337
3096338
3096339
3096340
3096341
3096342
3096343
3096344
3096345
3096346
3096347
3096348
3096349
3096350
3096351
3096352
3096353
3096354
3096355
3096356
3096357
3096358
3096359
3096360
3096361
3096362
3096363
3096364
3096365
3096366
3096367
3096368
3096369
3096370
3096371
3096372
3096373
3096374
3096375
3096376
3096377
3096378
3096379
3096380
3096381
3096382
3096383
3096384
3096385
3096386
3096387
3096388
3096389
3096390
3096391
3096392
3096393
3096394
3096395
3096396
3096397
3096398
3096399
3096400
3096401
3096402
3096403
3096404
3096405
3096406
3096407
3096408
3096409
3096410
3096411
3096412
3096413
3096414
3096415
3096416
3096417
3096418
3096419
3096420
3096421
3096422
3096423
3096424
3096425
3096426
3096427
3096428
3096429
3096430
3096431
3096432
3096433
3096434
3096435
3096436
3096437
3096438
3096439
3096440
3096441
3096442
3096443
3096444
3096445
3096446
3096447
3096448
3096449
3096450
3096451
3096452
3096453
3096454
3096455
3096456
3096457
3096458
3096459
3096460
3096461
3096462
3096463
3096464
3096465
3096466
3096467
3096468
3096469
3096470
3096471
3096472
3096473
3096474
3096475
3096476
3096477
3096478
3096479
3096480
3096481
3096482
3096483
3096484
3096485
3096486
3096487
3096488
3096489
3096490
3096491
3096492
3096493
3096494
3096495
3096496
3096497
3096498
3096499
3096500
3096501
3096502
3096503
3096504
3096505
3096506
3096507
3096508
3096509
3096510
3096511
3096512
3096513
3096514
3096515
3096516
3096517
3096518
3096519
3096520
3096521
3096522
3096523
3096524
3096525
3096526
3096527
3096528
3096529
3096530
3096531
3096532
3096533
3096534
3096535
3096536
3096537
3096538
3096539
3096540
3096541
3096542
3096543
3096544
3096545
3096546
3096547
3096548
3096549
3096550
3096551
3096552
3096553
3096554
3096555
3096556
3096557
3096558
3096559
3096560
3096561
3096562
3096563
3096564
3096565
3096566
3096567
3096568
3096569
3096570
3096571
3096572
3096573
3096574
3096575
3096576
3096577
3096578
3096579
3096580
3096581
3096582
3096583
3096584
3096585
3096586
3096587
3096588
3096589
3096590
3096591
3096592
3096593
3096594
3096595
3096596
3096597
3096598
3096599
3096600
3096601
3096602
3096603
3096604
3096605
3096606
3096607
3096608
3096609
3096610
3096611
3096612
3096613
3096614
3096615
3096616
3096617
3096618
3096619
3096620
3096621
3096622
3096623
3096624
3096625
3096626
3096627
3096628
3096629
3096630
3096631
3096632
3096633
3096634
3096635
3096636
3096637
3096638
3096639
3096640
3096641
3096642
3096643
3096644
3096645
3096646
3096647
3096648
3096649
3096650
3096651
3096652
3096653
3096654
3096655
3096656
3096657
3096658
3096659
3096660
3096661
3096662
3096663
3096664
3096665
3096666
3096667
3096668
3096669
3096670
3096671
3096672
3096673
3096674
3096675
3096676
3096677
3096678
3096679
3096680
3096681
3096682
3096683
3096684
3096685
3096686
3096687
3096688
3096689
3096690
3096691
3096692
3096693
3096694
3096695
3096696
3096697
3096698
3096699
3096700
3096701
3096702
3096703
3096704
3096705
3096706
3096707
3096708
3096709
3096710
3096711
3096712
3096713
3096714
3096715
3096716
3096717
3096718
3096719
3096720
3096721
3096722
3096723
3096724
3096725
3096726
3096727
3096728
3096729
3096730
3096731
3096732
3096733
3096734
3096735
3096736
3096737
3096738
3096739
3096740
3096741
3096742
3096743
3096744
3096745
3096746
3096747
3096748
3096749
3096750
3096751
3096752
3096753
3096754
3096755
3096756
3096757
3096758
3096759
3096760
3096761
3096762
3096763
3096764
3096765
3096766
3096767
3096768
3096769
3096770
3096771
3096772
3096773
3096774
3096775
3096776
3096777
3096778
3096779
3096780
3096781
3096782
3096783
3096784
3096785
3096786
3096787
3096788
3096789
3096790
3096791
3096792
3096793
3096794
3096795
3096796
3096797
3096798
3096799
3096800
3096801
3096802
3096803
3096804
3096805
3096806
3096807
3096808
3096809
3096810
3096811
3096812
3096813
3096814
3096815
3096816
3096817
3096818
3096819
3096820
3096821
3096822
3096823
3096824
3096825
3096826
3096827
3096828
3096829
3096830
3096831
3096832
3096833
3096834
3096835
3096836
3096837
3096838
3096839
3096840
3096841
3096842
3096843
3096844
3096845
3096846
3096847
3096848
3096849
3096850
3096851
3096852
3096853
3096854
3096855
3096856
3096857
3096858
3096859
3096860
3096861
3096862
3096863
3096864
3096865
3096866
3096867
3096868
3096869
3096870
3096871
3096872
3096873
3096874
3096875
3096876
3096877
3096878
3096879
3096880
3096881
3096882
3096883
3096884
3096885
3096886
3096887
3096888
3096889
3096890
3096891
3096892
3096893
3096894
3096895
3096896
3096897
3096898
3096899
3096900
3096901
3096902
3096903
3096904
3096905
3096906
3096907
3096908
3096909
3096910
3096911
3096912
3096913
3096914
3096915
3096916
3096917
3096918
3096919
3096920
3096921
3096922
3096923
3096924
3096925
3096926
3096927
3096928
3096929
3096930
3096931
3096932
3096933
3096934
3096935
3096936
3096937
3096938
3096939
3096940
3096941
3096942
3096943
3096944
3096945
3096946
3096947
3096948
3096949
3096950
3096951
3096952
3096953
3096954
3096955
3096956
3096957
3096958
3096959
3096960
3096961
3096962
3096963
3096964
3096965
3096966
3096967
3096968
3096969
3096970
3096971
3096972
3096973
3096974
3096975
3096976
3096977
3096978
3096979
3096980
3096981
3096982
3096983
3096984
3096985
3096986
3096987
3096988
3096989
3096990
3096991
3096992
3096993
3096994
3096995
3096996
3096997
3096998
3096999
3097000
3097001
3097002
3097003
3097004
3097005
3097006
3097007
3097008
3097009
3097010
3097011
3097012
3097013
3097014
3097015
3097016
3097017
3097018
3097019
3097020
3097021
3097022
3097023
3097024
3097025
3097026
3097027
3097028
3097029
3097030
3097031
3097032
3097033
3097034
3097035
3097036
3097037
3097038
3097039
3097040
3097041
3097042
3097043
3097044
3097045
3097046
3097047
3097048
3097049
3097050
3097051
3097052
3097053
3097054
3097055
3097056
3097057
3097058
3097059
3097060
3097061
3097062
3097063
3097064
3097065
3097066
3097067
3097068
3097069
3097070
3097071
3097072
3097073
3097074
3097075
3097076
3097077
3097078
3097079
3097080
3097081
3097082
3097083
3097084
3097085
3097086
3097087
3097088
3097089
3097090
3097091
3097092
3097093
3097094
3097095
3097096
3097097
3097098
3097099
3097100
3097101
3097102
3097103
3097104
3097105
3097106
3097107
3097108
3097109
3097110
3097111
3097112
3097113
3097114
3097115
3097116
3097117
3097118
3097119
3097120
3097121
3097122
3097123
3097124
3097125
3097126
3097127
3097128
3097129
3097130
3097131
3097132
3097133
3097134
3097135
3097136
3097137
3097138
3097139
3097140
3097141
3097142
3097143
3097144
3097145
3097146
3097147
3097148
3097149
3097150
3097151
3097152
3097153
3097154
3097155
3097156
3097157
3097158
3097159
3097160
3097161
3097162
3097163
3097164
3097165
3097166
3097167
3097168
3097169
3097170
3097171
3097172
3097173
3097174
3097175
3097176
3097177
3097178
3097179
3097180
3097181
3097182
3097183
3097184
3097185
3097186
3097187
3097188
3097189
3097190
3097191
3097192
3097193
3097194
3097195
3097196
3097197
3097198
3097199
3097200
3097201
3097202
3097203
3097204
3097205
3097206
3097207
3097208
3097209
3097210
3097211
3097212
3097213
3097214
3097215
3097216
3097217
3097218
3097219
3097220
3097221
3097222
3097223
3097224
3097225
3097226
3097227
3097228
3097229
3097230
3097231
3097232
3097233
3097234
3097235
3097236
3097237
3097238
3097239
3097240
3097241
3097242
3097243
3097244
3097245
3097246
3097247
3097248
3097249
3097250
3097251
3097252
3097253
3097254
3097255
3097256
3097257
3097258
3097259
3097260
3097261
3097262
3097263
3097264
3097265
3097266
3097267
3097268
3097269
3097270
3097271
3097272
3097273
3097274
3097275
3097276
3097277
3097278
3097279
3097280
3097281
3097282
3097283
3097284
3097285
3097286
3097287
3097288
3097289
3097290
3097291
3097292
3097293
3097294
3097295
3097296
3097297
3097298
3097299
3097300
3097301
3097302
3097303
3097304
3097305
3097306
3097307
3097308
3097309
3097310
3097311
3097312
3097313
3097314
3097315
3097316
3097317
3097318
3097319
3097320
3097321
3097322
3097323
3097324
3097325
3097326
3097327
3097328
3097329
3097330
3097331
3097332
3097333
3097334
3097335
3097336
3097337
3097338
3097339
3097340
3097341
3097342
3097343
3097344
3097345
3097346
3097347
3097348
3097349
3097350
3097351
3097352
3097353
3097354
3097355
3097356
3097357
3097358
3097359
3097360
3097361
3097362
3097363
3097364
3097365
3097366
3097367
3097368
3097369
3097370
3097371
3097372
3097373
3097374
3097375
3097376
3097377
3097378
3097379
3097380
3097381
3097382
3097383
3097384
3097385
3097386
3097387
3097388
3097389
3097390
3097391
3097392
3097393
3097394
3097395
3097396
3097397
3097398
3097399
3097400
3097401
3097402
3097403
3097404
3097405
3097406
3097407
3097408
3097409
3097410
3097411
3097412
3097413
3097414
3097415
3097416
3097417
3097418
3097419
3097420
3097421
3097422
3097423
3097424
3097425
3097426
3097427
3097428
3097429
3097430
3097431
3097432
3097433
3097434
3097435
3097436
3097437
3097438
3097439
3097440
3097441
3097442
3097443
3097444
3097445
3097446
3097447
3097448
3097449
3097450
3097451
3097452
3097453
3097454
3097455
3097456
3097457
3097458
3097459
3097460
3097461
3097462
3097463
3097464
3097465
3097466
3097467
3097468
3097469
3097470
3097471
3097472
3097473
3097474
3097475
3097476
3097477
3097478
3097479
3097480
3097481
3097482
3097483
3097484
3097485
3097486
3097487
3097488
3097489
3097490
3097491
3097492
3097493
3097494
3097495
3097496
3097497
3097498
3097499
3097500
3097501
3097502
3097503
3097504
3097505
3097506
3097507
3097508
3097509
3097510
3097511
3097512
3097513
3097514
3097515
3097516
3097517
3097518
3097519
3097520
3097521
3097522
3097523
3097524
3097525
3097526
3097527
3097528
3097529
3097530
3097531
3097532
3097533
3097534
3097535
3097536
3097537
3097538
3097539
3097540
3097541
3097542
3097543
3097544
3097545
3097546
3097547
3097548
3097549
3097550
3097551
3097552
3097553
3097554
3097555
3097556
3097557
3097558
3097559
3097560
3097561
3097562
3097563
3097564
3097565
3097566
3097567
3097568
3097569
3097570
3097571
3097572
3097573
3097574
3097575
3097576
3097577
3097578
3097579
3097580
3097581
3097582
3097583
3097584
3097585
3097586
3097587
3097588
3097589
3097590
3097591
3097592
3097593
3097594
3097595
3097596
3097597
3097598
3097599
3097600
3097601
3097602
3097603
3097604
3097605
3097606
3097607
3097608
3097609
3097610
3097611
3097612
3097613
3097614
3097615
3097616
3097617
3097618
3097619
3097620
3097621
3097622
3097623
3097624
3097625
3097626
3097627
3097628
3097629
3097630
3097631
3097632
3097633
3097634
3097635
3097636
3097637
3097638
3097639
3097640
3097641
3097642
3097643
3097644
3097645
3097646
3097647
3097648
3097649
3097650
3097651
3097652
3097653
3097654
3097655
3097656
3097657
3097658
3097659
3097660
3097661
3097662
3097663
3097664
3097665
3097666
3097667
3097668
3097669
3097670
3097671
3097672
3097673
3097674
3097675
3097676
3097677
3097678
3097679
3097680
3097681
3097682
3097683
3097684
3097685
3097686
3097687
3097688
3097689
3097690
3097691
3097692
3097693
3097694
3097695
3097696
3097697
3097698
3097699
3097700
3097701
3097702
3097703
3097704
3097705
3097706
3097707
3097708
3097709
3097710
3097711
3097712
3097713
3097714
3097715
3097716
3097717
3097718
3097719
3097720
3097721
3097722
3097723
3097724
3097725
3097726
3097727
3097728
3097729
3097730
3097731
3097732
3097733
3097734
3097735
3097736
3097737
3097738
3097739
3097740
3097741
3097742
3097743
3097744
3097745
3097746
3097747
3097748
3097749
3097750
3097751
3097752
3097753
3097754
3097755
3097756
3097757
3097758
3097759
3097760
3097761
3097762
3097763
3097764
3097765
3097766
3097767
3097768
3097769
3097770
3097771
3097772
3097773
3097774
3097775
3097776
3097777
3097778
3097779
3097780
3097781
3097782
3097783
3097784
3097785
3097786
3097787
3097788
3097789
3097790
3097791
3097792
3097793
3097794
3097795
3097796
3097797
3097798
3097799
3097800
3097801
3097802
3097803
3097804
3097805
3097806
3097807
3097808
3097809
3097810
3097811
3097812
3097813
3097814
3097815
3097816
3097817
3097818
3097819
3097820
3097821
3097822
3097823
3097824
3097825
3097826
3097827
3097828
3097829
3097830
3097831
3097832
3097833
3097834
3097835
3097836
3097837
3097838
3097839
3097840
3097841
3097842
3097843
3097844
3097845
3097846
3097847
3097848
3097849
3097850
3097851
3097852
3097853
3097854
3097855
3097856
3097857
3097858
3097859
3097860
3097861
3097862
3097863
3097864
3097865
3097866
3097867
3097868
3097869
3097870
3097871
3097872
3097873
3097874
3097875
3097876
3097877
3097878
3097879
3097880
3097881
3097882
3097883
3097884
3097885
3097886
3097887
3097888
3097889
3097890
3097891
3097892
3097893
3097894
3097895
3097896
3097897
3097898
3097899
3097900
3097901
3097902
3097903
3097904
3097905
3097906
3097907
3097908
3097909
3097910
3097911
3097912
3097913
3097914
3097915
3097916
3097917
3097918
3097919
3097920
3097921
3097922
3097923
3097924
3097925
3097926
3097927
3097928
3097929
3097930
3097931
3097932
3097933
3097934
3097935
3097936
3097937
3097938
3097939
3097940
3097941
3097942
3097943
3097944
3097945
3097946
3097947
3097948
3097949
3097950
3097951
3097952
3097953
3097954
3097955
3097956
3097957
3097958
3097959
3097960
3097961
3097962
3097963
3097964
3097965
3097966
3097967
3097968
3097969
3097970
3097971
3097972
3097973
3097974
3097975
3097976
3097977
3097978
3097979
3097980
3097981
3097982
3097983
3097984
3097985
3097986
3097987
3097988
3097989
3097990
3097991
3097992
3097993
3097994
3097995
3097996
3097997
3097998
3097999
3098000
3098001
3098002
3098003
3098004
3098005
3098006
3098007
3098008
3098009
3098010
3098011
3098012
3098013
3098014
3098015
3098016
3098017
3098018
3098019
3098020
3098021
3098022
3098023
3098024
3098025
3098026
3098027
3098028
3098029
3098030
3098031
3098032
3098033
3098034
3098035
3098036
3098037
3098038
3098039
3098040
3098041
3098042
3098043
3098044
3098045
3098046
3098047
3098048
3098049
3098050
3098051
3098052
3098053
3098054
3098055
3098056
3098057
3098058
3098059
3098060
3098061
3098062
3098063
3098064
3098065
3098066
3098067
3098068
3098069
3098070
3098071
3098072
3098073
3098074
3098075
3098076
3098077
3098078
3098079
3098080
3098081
3098082
3098083
3098084
3098085
3098086
3098087
3098088
3098089
3098090
3098091
3098092
3098093
3098094
3098095
3098096
3098097
3098098
3098099
3098100
3098101
3098102
3098103
3098104
3098105
3098106
3098107
3098108
3098109
3098110
3098111
3098112
3098113
3098114
3098115
3098116
3098117
3098118
3098119
3098120
3098121
3098122
3098123
3098124
3098125
3098126
3098127
3098128
3098129
3098130
3098131
3098132
3098133
3098134
3098135
3098136
3098137
3098138
3098139
3098140
3098141
3098142
3098143
3098144
3098145
3098146
3098147
3098148
3098149
3098150
3098151
3098152
3098153
3098154
3098155
3098156
3098157
3098158
3098159
3098160
3098161
3098162
3098163
3098164
3098165
3098166
3098167
3098168
3098169
3098170
3098171
3098172
3098173
3098174
3098175
3098176
3098177
3098178
3098179
3098180
3098181
3098182
3098183
3098184
3098185
3098186
3098187
3098188
3098189
3098190
3098191
3098192
3098193
3098194
3098195
3098196
3098197
3098198
3098199
3098200
3098201
3098202
3098203
3098204
3098205
3098206
3098207
3098208
3098209
3098210
3098211
3098212
3098213
3098214
3098215
3098216
3098217
3098218
3098219
3098220
3098221
3098222
3098223
3098224
3098225
3098226
3098227
3098228
3098229
3098230
3098231
3098232
3098233
3098234
3098235
3098236
3098237
3098238
3098239
3098240
3098241
3098242
3098243
3098244
3098245
3098246
3098247
3098248
3098249
3098250
3098251
3098252
3098253
3098254
3098255
3098256
3098257
3098258
3098259
3098260
3098261
3098262
3098263
3098264
3098265
3098266
3098267
3098268
3098269
3098270
3098271
3098272
3098273
3098274
3098275
3098276
3098277
3098278
3098279
3098280
3098281
3098282
3098283
3098284
3098285
3098286
3098287
3098288
3098289
3098290
3098291
3098292
3098293
3098294
3098295
3098296
3098297
3098298
3098299
3098300
3098301
3098302
3098303
3098304
3098305
3098306
3098307
3098308
3098309
3098310
3098311
3098312
3098313
3098314
3098315
3098316
3098317
3098318
3098319
3098320
3098321
3098322
3098323
3098324
3098325
3098326
3098327
3098328
3098329
3098330
3098331
3098332
3098333
3098334
3098335
3098336
3098337
3098338
3098339
3098340
3098341
3098342
3098343
3098344
3098345
3098346
3098347
3098348
3098349
3098350
3098351
3098352
3098353
3098354
3098355
3098356
3098357
3098358
3098359
3098360
3098361
3098362
3098363
3098364
3098365
3098366
3098367
3098368
3098369
3098370
3098371
3098372
3098373
3098374
3098375
3098376
3098377
3098378
3098379
3098380
3098381
3098382
3098383
3098384
3098385
3098386
3098387
3098388
3098389
3098390
3098391
3098392
3098393
3098394
3098395
3098396
3098397
3098398
3098399
3098400
3098401
3098402
3098403
3098404
3098405
3098406
3098407
3098408
3098409
3098410
3098411
3098412
3098413
3098414
3098415
3098416
3098417
3098418
3098419
3098420
3098421
3098422
3098423
3098424
3098425
3098426
3098427
3098428
3098429
3098430
3098431
3098432
3098433
3098434
3098435
3098436
3098437
3098438
3098439
3098440
3098441
3098442
3098443
3098444
3098445
3098446
3098447
3098448
3098449
3098450
3098451
3098452
3098453
3098454
3098455
3098456
3098457
3098458
3098459
3098460
3098461
3098462
3098463
3098464
3098465
3098466
3098467
3098468
3098469
3098470
3098471
3098472
3098473
3098474
3098475
3098476
3098477
3098478
3098479
3098480
3098481
3098482
3098483
3098484
3098485
3098486
3098487
3098488
3098489
3098490
3098491
3098492
3098493
3098494
3098495
3098496
3098497
3098498
3098499
3098500
3098501
3098502
3098503
3098504
3098505
3098506
3098507
3098508
3098509
3098510
3098511
3098512
3098513
3098514
3098515
3098516
3098517
3098518
3098519
3098520
3098521
3098522
3098523
3098524
3098525
3098526
3098527
3098528
3098529
3098530
3098531
3098532
3098533
3098534
3098535
3098536
3098537
3098538
3098539
3098540
3098541
3098542
3098543
3098544
3098545
3098546
3098547
3098548
3098549
3098550
3098551
3098552
3098553
3098554
3098555
3098556
3098557
3098558
3098559
3098560
3098561
3098562
3098563
3098564
3098565
3098566
3098567
3098568
3098569
3098570
3098571
3098572
3098573
3098574
3098575
3098576
3098577
3098578
3098579
3098580
3098581
3098582
3098583
3098584
3098585
3098586
3098587
3098588
3098589
3098590
3098591
3098592
3098593
3098594
3098595
3098596
3098597
3098598
3098599
3098600
3098601
3098602
3098603
3098604
3098605
3098606
3098607
3098608
3098609
3098610
3098611
3098612
3098613
3098614
3098615
3098616
3098617
3098618
3098619
3098620
3098621
3098622
3098623
3098624
3098625
3098626
3098627
3098628
3098629
3098630
3098631
3098632
3098633
3098634
3098635
3098636
3098637
3098638
3098639
3098640
3098641
3098642
3098643
3098644
3098645
3098646
3098647
3098648
3098649
3098650
3098651
3098652
3098653
3098654
3098655
3098656
3098657
3098658
3098659
3098660
3098661
3098662
3098663
3098664
3098665
3098666
3098667
3098668
3098669
3098670
3098671
3098672
3098673
3098674
3098675
3098676
3098677
3098678
3098679
3098680
3098681
3098682
3098683
3098684
3098685
3098686
3098687
3098688
3098689
3098690
3098691
3098692
3098693
3098694
3098695
3098696
3098697
3098698
3098699
3098700
3098701
3098702
3098703
3098704
3098705
3098706
3098707
3098708
3098709
3098710
3098711
3098712
3098713
3098714
3098715
3098716
3098717
3098718
3098719
3098720
3098721
3098722
3098723
3098724
3098725
3098726
3098727
3098728
3098729
3098730
3098731
3098732
3098733
3098734
3098735
3098736
3098737
3098738
3098739
3098740
3098741
3098742
3098743
3098744
3098745
3098746
3098747
3098748
3098749
3098750
3098751
3098752
3098753
3098754
3098755
3098756
3098757
3098758
3098759
3098760
3098761
3098762
3098763
3098764
3098765
3098766
3098767
3098768
3098769
3098770
3098771
3098772
3098773
3098774
3098775
3098776
3098777
3098778
3098779
3098780
3098781
3098782
3098783
3098784
3098785
3098786
3098787
3098788
3098789
3098790
3098791
3098792
3098793
3098794
3098795
3098796
3098797
3098798
3098799
3098800
3098801
3098802
3098803
3098804
3098805
3098806
3098807
3098808
3098809
3098810
3098811
3098812
3098813
3098814
3098815
3098816
3098817
3098818
3098819
3098820
3098821
3098822
3098823
3098824
3098825
3098826
3098827
3098828
3098829
3098830
3098831
3098832
3098833
3098834
3098835
3098836
3098837
3098838
3098839
3098840
3098841
3098842
3098843
3098844
3098845
3098846
3098847
3098848
3098849
3098850
3098851
3098852
3098853
3098854
3098855
3098856
3098857
3098858
3098859
3098860
3098861
3098862
3098863
3098864
3098865
3098866
3098867
3098868
3098869
3098870
3098871
3098872
3098873
3098874
3098875
3098876
3098877
3098878
3098879
3098880
3098881
3098882
3098883
3098884
3098885
3098886
3098887
3098888
3098889
3098890
3098891
3098892
3098893
3098894
3098895
3098896
3098897
3098898
3098899
3098900
3098901
3098902
3098903
3098904
3098905
3098906
3098907
3098908
3098909
3098910
3098911
3098912
3098913
3098914
3098915
3098916
3098917
3098918
3098919
3098920
3098921
3098922
3098923
3098924
3098925
3098926
3098927
3098928
3098929
3098930
3098931
3098932
3098933
3098934
3098935
3098936
3098937
3098938
3098939
3098940
3098941
3098942
3098943
3098944
3098945
3098946
3098947
3098948
3098949
3098950
3098951
3098952
3098953
3098954
3098955
3098956
3098957
3098958
3098959
3098960
3098961
3098962
3098963
3098964
3098965
3098966
3098967
3098968
3098969
3098970
3098971
3098972
3098973
3098974
3098975
3098976
3098977
3098978
3098979
3098980
3098981
3098982
3098983
3098984
3098985
3098986
3098987
3098988
3098989
3098990
3098991
3098992
3098993
3098994
3098995
3098996
3098997
3098998
3098999
3099000
3099001
3099002
3099003
3099004
3099005
3099006
3099007
3099008
3099009
3099010
3099011
3099012
3099013
3099014
3099015
3099016
3099017
3099018
3099019
3099020
3099021
3099022
3099023
3099024
3099025
3099026
3099027
3099028
3099029
3099030
3099031
3099032
3099033
3099034
3099035
3099036
3099037
3099038
3099039
3099040
3099041
3099042
3099043
3099044
3099045
3099046
3099047
3099048
3099049
3099050
3099051
3099052
3099053
3099054
3099055
3099056
3099057
3099058
3099059
3099060
3099061
3099062
3099063
3099064
3099065
3099066
3099067
3099068
3099069
3099070
3099071
3099072
3099073
3099074
3099075
3099076
3099077
3099078
3099079
3099080
3099081
3099082
3099083
3099084
3099085
3099086
3099087
3099088
3099089
3099090
3099091
3099092
3099093
3099094
3099095
3099096
3099097
3099098
3099099
3099100
3099101
3099102
3099103
3099104
3099105
3099106
3099107
3099108
3099109
3099110
3099111
3099112
3099113
3099114
3099115
3099116
3099117
3099118
3099119
3099120
3099121
3099122
3099123
3099124
3099125
3099126
3099127
3099128
3099129
3099130
3099131
3099132
3099133
3099134
3099135
3099136
3099137
3099138
3099139
3099140
3099141
3099142
3099143
3099144
3099145
3099146
3099147
3099148
3099149
3099150
3099151
3099152
3099153
3099154
3099155
3099156
3099157
3099158
3099159
3099160
3099161
3099162
3099163
3099164
3099165
3099166
3099167
3099168
3099169
3099170
3099171
3099172
3099173
3099174
3099175
3099176
3099177
3099178
3099179
3099180
3099181
3099182
3099183
3099184
3099185
3099186
3099187
3099188
3099189
3099190
3099191
3099192
3099193
3099194
3099195
3099196
3099197
3099198
3099199
3099200
3099201
3099202
3099203
3099204
3099205
3099206
3099207
3099208
3099209
3099210
3099211
3099212
3099213
3099214
3099215
3099216
3099217
3099218
3099219
3099220
3099221
3099222
3099223
3099224
3099225
3099226
3099227
3099228
3099229
3099230
3099231
3099232
3099233
3099234
3099235
3099236
3099237
3099238
3099239
3099240
3099241
3099242
3099243
3099244
3099245
3099246
3099247
3099248
3099249
3099250
3099251
3099252
3099253
3099254
3099255
3099256
3099257
3099258
3099259
3099260
3099261
3099262
3099263
3099264
3099265
3099266
3099267
3099268
3099269
3099270
3099271
3099272
3099273
3099274
3099275
3099276
3099277
3099278
3099279
3099280
3099281
3099282
3099283
3099284
3099285
3099286
3099287
3099288
3099289
3099290
3099291
3099292
3099293
3099294
3099295
3099296
3099297
3099298
3099299
3099300
3099301
3099302
3099303
3099304
3099305
3099306
3099307
3099308
3099309
3099310
3099311
3099312
3099313
3099314
3099315
3099316
3099317
3099318
3099319
3099320
3099321
3099322
3099323
3099324
3099325
3099326
3099327
3099328
3099329
3099330
3099331
3099332
3099333
3099334
3099335
3099336
3099337
3099338
3099339
3099340
3099341
3099342
3099343
3099344
3099345
3099346
3099347
3099348
3099349
3099350
3099351
3099352
3099353
3099354
3099355
3099356
3099357
3099358
3099359
3099360
3099361
3099362
3099363
3099364
3099365
3099366
3099367
3099368
3099369
3099370
3099371
3099372
3099373
3099374
3099375
3099376
3099377
3099378
3099379
3099380
3099381
3099382
3099383
3099384
3099385
3099386
3099387
3099388
3099389
3099390
3099391
3099392
3099393
3099394
3099395
3099396
3099397
3099398
3099399
3099400
3099401
3099402
3099403
3099404
3099405
3099406
3099407
3099408
3099409
3099410
3099411
3099412
3099413
3099414
3099415
3099416
3099417
3099418
3099419
3099420
3099421
3099422
3099423
3099424
3099425
3099426
3099427
3099428
3099429
3099430
3099431
3099432
3099433
3099434
3099435
3099436
3099437
3099438
3099439
3099440
3099441
3099442
3099443
3099444
3099445
3099446
3099447
3099448
3099449
3099450
3099451
3099452
3099453
3099454
3099455
3099456
3099457
3099458
3099459
3099460
3099461
3099462
3099463
3099464
3099465
3099466
3099467
3099468
3099469
3099470
3099471
3099472
3099473
3099474
3099475
3099476
3099477
3099478
3099479
3099480
3099481
3099482
3099483
3099484
3099485
3099486
3099487
3099488
3099489
3099490
3099491
3099492
3099493
3099494
3099495
3099496
3099497
3099498
3099499
3099500
3099501
3099502
3099503
3099504
3099505
3099506
3099507
3099508
3099509
3099510
3099511
3099512
3099513
3099514
3099515
3099516
3099517
3099518
3099519
3099520
3099521
3099522
3099523
3099524
3099525
3099526
3099527
3099528
3099529
3099530
3099531
3099532
3099533
3099534
3099535
3099536
3099537
3099538
3099539
3099540
3099541
3099542
3099543
3099544
3099545
3099546
3099547
3099548
3099549
3099550
3099551
3099552
3099553
3099554
3099555
3099556
3099557
3099558
3099559
3099560
3099561
3099562
3099563
3099564
3099565
3099566
3099567
3099568
3099569
3099570
3099571
3099572
3099573
3099574
3099575
3099576
3099577
3099578
3099579
3099580
3099581
3099582
3099583
3099584
3099585
3099586
3099587
3099588
3099589
3099590
3099591
3099592
3099593
3099594
3099595
3099596
3099597
3099598
3099599
3099600
3099601
3099602
3099603
3099604
3099605
3099606
3099607
3099608
3099609
3099610
3099611
3099612
3099613
3099614
3099615
3099616
3099617
3099618
3099619
3099620
3099621
3099622
3099623
3099624
3099625
3099626
3099627
3099628
3099629
3099630
3099631
3099632
3099633
3099634
3099635
3099636
3099637
3099638
3099639
3099640
3099641
3099642
3099643
3099644
3099645
3099646
3099647
3099648
3099649
3099650
3099651
3099652
3099653
3099654
3099655
3099656
3099657
3099658
3099659
3099660
3099661
3099662
3099663
3099664
3099665
3099666
3099667
3099668
3099669
3099670
3099671
3099672
3099673
3099674
3099675
3099676
3099677
3099678
3099679
3099680
3099681
3099682
3099683
3099684
3099685
3099686
3099687
3099688
3099689
3099690
3099691
3099692
3099693
3099694
3099695
3099696
3099697
3099698
3099699
3099700
3099701
3099702
3099703
3099704
3099705
3099706
3099707
3099708
3099709
3099710
3099711
3099712
3099713
3099714
3099715
3099716
3099717
3099718
3099719
3099720
3099721
3099722
3099723
3099724
3099725
3099726
3099727
3099728
3099729
3099730
3099731
3099732
3099733
3099734
3099735
3099736
3099737
3099738
3099739
3099740
3099741
3099742
3099743
3099744
3099745
3099746
3099747
3099748
3099749
3099750
3099751
3099752
3099753
3099754
3099755
3099756
3099757
3099758
3099759
3099760
3099761
3099762
3099763
3099764
3099765
3099766
3099767
3099768
3099769
3099770
3099771
3099772
3099773
3099774
3099775
3099776
3099777
3099778
3099779
3099780
3099781
3099782
3099783
3099784
3099785
3099786
3099787
3099788
3099789
3099790
3099791
3099792
3099793
3099794
3099795
3099796
3099797
3099798
3099799
3099800
3099801
3099802
3099803
3099804
3099805
3099806
3099807
3099808
3099809
3099810
3099811
3099812
3099813
3099814
3099815
3099816
3099817
3099818
3099819
3099820
3099821
3099822
3099823
3099824
3099825
3099826
3099827
3099828
3099829
3099830
3099831
3099832
3099833
3099834
3099835
3099836
3099837
3099838
3099839
3099840
3099841
3099842
3099843
3099844
3099845
3099846
3099847
3099848
3099849
3099850
3099851
3099852
3099853
3099854
3099855
3099856
3099857
3099858
3099859
3099860
3099861
3099862
3099863
3099864
3099865
3099866
3099867
3099868
3099869
3099870
3099871
3099872
3099873
3099874
3099875
3099876
3099877
3099878
3099879
3099880
3099881
3099882
3099883
3099884
3099885
3099886
3099887
3099888
3099889
3099890
3099891
3099892
3099893
3099894
3099895
3099896
3099897
3099898
3099899
3099900
3099901
3099902
3099903
3099904
3099905
3099906
3099907
3099908
3099909
3099910
3099911
3099912
3099913
3099914
3099915
3099916
3099917
3099918
3099919
3099920
3099921
3099922
3099923
3099924
3099925
3099926
3099927
3099928
3099929
3099930
3099931
3099932
3099933
3099934
3099935
3099936
3099937
3099938
3099939
3099940
3099941
3099942
3099943
3099944
3099945
3099946
3099947
3099948
3099949
3099950
3099951
3099952
3099953
3099954
3099955
3099956
3099957
3099958
3099959
3099960
3099961
3099962
3099963
3099964
3099965
3099966
3099967
3099968
3099969
3099970
3099971
3099972
3099973
3099974
3099975
3099976
3099977
3099978
3099979
3099980
3099981
3099982
3099983
3099984
3099985
3099986
3099987
3099988
3099989
3099990
3099991
3099992
3099993
3099994
3099995
3099996
3099997
3099998
3099999
3100000
3100001
3100002
3100003
3100004
3100005
3100006
3100007
3100008
3100009
3100010
3100011
3100012
3100013
3100014
3100015
3100016
3100017
3100018
3100019
3100020
3100021
3100022
3100023
3100024
3100025
3100026
3100027
3100028
3100029
3100030
3100031
3100032
3100033
3100034
3100035
3100036
3100037
3100038
3100039
3100040
3100041
3100042
3100043
3100044
3100045
3100046
3100047
3100048
3100049
3100050
3100051
3100052
3100053
3100054
3100055
3100056
3100057
3100058
3100059
3100060
3100061
3100062
3100063
3100064
3100065
3100066
3100067
3100068
3100069
3100070
3100071
3100072
3100073
3100074
3100075
3100076
3100077
3100078
3100079
3100080
3100081
3100082
3100083
3100084
3100085
3100086
3100087
3100088
3100089
3100090
3100091
3100092
3100093
3100094
3100095
3100096
3100097
3100098
3100099
3100100
3100101
3100102
3100103
3100104
3100105
3100106
3100107
3100108
3100109
3100110
3100111
3100112
3100113
3100114
3100115
3100116
3100117
3100118
3100119
3100120
3100121
3100122
3100123
3100124
3100125
3100126
3100127
3100128
3100129
3100130
3100131
3100132
3100133
3100134
3100135
3100136
3100137
3100138
3100139
3100140
3100141
3100142
3100143
3100144
3100145
3100146
3100147
3100148
3100149
3100150
3100151
3100152
3100153
3100154
3100155
3100156
3100157
3100158
3100159
3100160
3100161
3100162
3100163
3100164
3100165
3100166
3100167
3100168
3100169
3100170
3100171
3100172
3100173
3100174
3100175
3100176
3100177
3100178
3100179
3100180
3100181
3100182
3100183
3100184
3100185
3100186
3100187
3100188
3100189
3100190
3100191
3100192
3100193
3100194
3100195
3100196
3100197
3100198
3100199
3100200
3100201
3100202
3100203
3100204
3100205
3100206
3100207
3100208
3100209
3100210
3100211
3100212
3100213
3100214
3100215
3100216
3100217
3100218
3100219
3100220
3100221
3100222
3100223
3100224
3100225
3100226
3100227
3100228
3100229
3100230
3100231
3100232
3100233
3100234
3100235
3100236
3100237
3100238
3100239
3100240
3100241
3100242
3100243
3100244
3100245
3100246
3100247
3100248
3100249
3100250
3100251
3100252
3100253
3100254
3100255
3100256
3100257
3100258
3100259
3100260
3100261
3100262
3100263
3100264
3100265
3100266
3100267
3100268
3100269
3100270
3100271
3100272
3100273
3100274
3100275
3100276
3100277
3100278
3100279
3100280
3100281
3100282
3100283
3100284
3100285
3100286
3100287
3100288
3100289
3100290
3100291
3100292
3100293
3100294
3100295
3100296
3100297
3100298
3100299
3100300
3100301
3100302
3100303
3100304
3100305
3100306
3100307
3100308
3100309
3100310
3100311
3100312
3100313
3100314
3100315
3100316
3100317
3100318
3100319
3100320
3100321
3100322
3100323
3100324
3100325
3100326
3100327
3100328
3100329
3100330
3100331
3100332
3100333
3100334
3100335
3100336
3100337
3100338
3100339
3100340
3100341
3100342
3100343
3100344
3100345
3100346
3100347
3100348
3100349
3100350
3100351
3100352
3100353
3100354
3100355
3100356
3100357
3100358
3100359
3100360
3100361
3100362
3100363
3100364
3100365
3100366
3100367
3100368
3100369
3100370
3100371
3100372
3100373
3100374
3100375
3100376
3100377
3100378
3100379
3100380
3100381
3100382
3100383
3100384
3100385
3100386
3100387
3100388
3100389
3100390
3100391
3100392
3100393
3100394
3100395
3100396
3100397
3100398
3100399
3100400
3100401
3100402
3100403
3100404
3100405
3100406
3100407
3100408
3100409
3100410
3100411
3100412
3100413
3100414
3100415
3100416
3100417
3100418
3100419
3100420
3100421
3100422
3100423
3100424
3100425
3100426
3100427
3100428
3100429
3100430
3100431
3100432
3100433
3100434
3100435
3100436
3100437
3100438
3100439
3100440
3100441
3100442
3100443
3100444
3100445
3100446
3100447
3100448
3100449
3100450
3100451
3100452
3100453
3100454
3100455
3100456
3100457
3100458
3100459
3100460
3100461
3100462
3100463
3100464
3100465
3100466
3100467
3100468
3100469
3100470
3100471
3100472
3100473
3100474
3100475
3100476
3100477
3100478
3100479
3100480
3100481
3100482
3100483
3100484
3100485
3100486
3100487
3100488
3100489
3100490
3100491
3100492
3100493
3100494
3100495
3100496
3100497
3100498
3100499
3100500
3100501
3100502
3100503
3100504
3100505
3100506
3100507
3100508
3100509
3100510
3100511
3100512
3100513
3100514
3100515
3100516
3100517
3100518
3100519
3100520
3100521
3100522
3100523
3100524
3100525
3100526
3100527
3100528
3100529
3100530
3100531
3100532
3100533
3100534
3100535
3100536
3100537
3100538
3100539
3100540
3100541
3100542
3100543
3100544
3100545
3100546
3100547
3100548
3100549
3100550
3100551
3100552
3100553
3100554
3100555
3100556
3100557
3100558
3100559
3100560
3100561
3100562
3100563
3100564
3100565
3100566
3100567
3100568
3100569
3100570
3100571
3100572
3100573
3100574
3100575
3100576
3100577
3100578
3100579
3100580
3100581
3100582
3100583
3100584
3100585
3100586
3100587
3100588
3100589
3100590
3100591
3100592
3100593
3100594
3100595
3100596
3100597
3100598
3100599
3100600
3100601
3100602
3100603
3100604
3100605
3100606
3100607
3100608
3100609
3100610
3100611
3100612
3100613
3100614
3100615
3100616
3100617
3100618
3100619
3100620
3100621
3100622
3100623
3100624
3100625
3100626
3100627
3100628
3100629
3100630
3100631
3100632
3100633
3100634
3100635
3100636
3100637
3100638
3100639
3100640
3100641
3100642
3100643
3100644
3100645
3100646
3100647
3100648
3100649
3100650
3100651
3100652
3100653
3100654
3100655
3100656
3100657
3100658
3100659
3100660
3100661
3100662
3100663
3100664
3100665
3100666
3100667
3100668
3100669
3100670
3100671
3100672
3100673
3100674
3100675
3100676
3100677
3100678
3100679
3100680
3100681
3100682
3100683
3100684
3100685
3100686
3100687
3100688
3100689
3100690
3100691
3100692
3100693
3100694
3100695
3100696
3100697
3100698
3100699
3100700
3100701
3100702
3100703
3100704
3100705
3100706
3100707
3100708
3100709
3100710
3100711
3100712
3100713
3100714
3100715
3100716
3100717
3100718
3100719
3100720
3100721
3100722
3100723
3100724
3100725
3100726
3100727
3100728
3100729
3100730
3100731
3100732
3100733
3100734
3100735
3100736
3100737
3100738
3100739
3100740
3100741
3100742
3100743
3100744
3100745
3100746
3100747
3100748
3100749
3100750
3100751
3100752
3100753
3100754
3100755
3100756
3100757
3100758
3100759
3100760
3100761
3100762
3100763
3100764
3100765
3100766
3100767
3100768
3100769
3100770
3100771
3100772
3100773
3100774
3100775
3100776
3100777
3100778
3100779
3100780
3100781
3100782
3100783
3100784
3100785
3100786
3100787
3100788
3100789
3100790
3100791
3100792
3100793
3100794
3100795
3100796
3100797
3100798
3100799
3100800
3100801
3100802
3100803
3100804
3100805
3100806
3100807
3100808
3100809
3100810
3100811
3100812
3100813
3100814
3100815
3100816
3100817
3100818
3100819
3100820
3100821
3100822
3100823
3100824
3100825
3100826
3100827
3100828
3100829
3100830
3100831
3100832
3100833
3100834
3100835
3100836
3100837
3100838
3100839
3100840
3100841
3100842
3100843
3100844
3100845
3100846
3100847
3100848
3100849
3100850
3100851
3100852
3100853
3100854
3100855
3100856
3100857
3100858
3100859
3100860
3100861
3100862
3100863
3100864
3100865
3100866
3100867
3100868
3100869
3100870
3100871
3100872
3100873
3100874
3100875
3100876
3100877
3100878
3100879
3100880
3100881
3100882
3100883
3100884
3100885
3100886
3100887
3100888
3100889
3100890
3100891
3100892
3100893
3100894
3100895
3100896
3100897
3100898
3100899
3100900
3100901
3100902
3100903
3100904
3100905
3100906
3100907
3100908
3100909
3100910
3100911
3100912
3100913
3100914
3100915
3100916
3100917
3100918
3100919
3100920
3100921
3100922
3100923
3100924
3100925
3100926
3100927
3100928
3100929
3100930
3100931
3100932
3100933
3100934
3100935
3100936
3100937
3100938
3100939
3100940
3100941
3100942
3100943
3100944
3100945
3100946
3100947
3100948
3100949
3100950
3100951
3100952
3100953
3100954
3100955
3100956
3100957
3100958
3100959
3100960
3100961
3100962
3100963
3100964
3100965
3100966
3100967
3100968
3100969
3100970
3100971
3100972
3100973
3100974
3100975
3100976
3100977
3100978
3100979
3100980
3100981
3100982
3100983
3100984
3100985
3100986
3100987
3100988
3100989
3100990
3100991
3100992
3100993
3100994
3100995
3100996
3100997
3100998
3100999
3101000
3101001
3101002
3101003
3101004
3101005
3101006
3101007
3101008
3101009
3101010
3101011
3101012
3101013
3101014
3101015
3101016
3101017
3101018
3101019
3101020
3101021
3101022
3101023
3101024
3101025
3101026
3101027
3101028
3101029
3101030
3101031
3101032
3101033
3101034
3101035
3101036
3101037
3101038
3101039
3101040
3101041
3101042
3101043
3101044
3101045
3101046
3101047
3101048
3101049
3101050
3101051
3101052
3101053
3101054
3101055
3101056
3101057
3101058
3101059
3101060
3101061
3101062
3101063
3101064
3101065
3101066
3101067
3101068
3101069
3101070
3101071
3101072
3101073
3101074
3101075
3101076
3101077
3101078
3101079
3101080
3101081
3101082
3101083
3101084
3101085
3101086
3101087
3101088
3101089
3101090
3101091
3101092
3101093
3101094
3101095
3101096
3101097
3101098
3101099
3101100
3101101
3101102
3101103
3101104
3101105
3101106
3101107
3101108
3101109
3101110
3101111
3101112
3101113
3101114
3101115
3101116
3101117
3101118
3101119
3101120
3101121
3101122
3101123
3101124
3101125
3101126
3101127
3101128
3101129
3101130
3101131
3101132
3101133
3101134
3101135
3101136
3101137
3101138
3101139
3101140
3101141
3101142
3101143
3101144
3101145
3101146
3101147
3101148
3101149
3101150
3101151
3101152
3101153
3101154
3101155
3101156
3101157
3101158
3101159
3101160
3101161
3101162
3101163
3101164
3101165
3101166
3101167
3101168
3101169
3101170
3101171
3101172
3101173
3101174
3101175
3101176
3101177
3101178
3101179
3101180
3101181
3101182
3101183
3101184
3101185
3101186
3101187
3101188
3101189
3101190
3101191
3101192
3101244
3101245
3101246
3101247
3101248
3101249
3101250
3101251
3101252
3101253
3101254
3101255
3101256
3101257
3101258
3101259
3101260
3101261
3101262
3101263
3101264
3101265
3101266
3101267
3101268
3101269
3101270
3101271
3101272
3101273
3101274
3101275
3101276
3101277
3101278
3101279
3101280
3101281
3101282
3101283
3101284
3101285
3101286
3101287
3101288
3101289
3101290
3101291
3101292
3101293
3101294
3101295
3101296
3101297
3101298
3101299
3101300
3101301
3101302
3101303
3101304
3101305
3101306
3101307
3101308
3101309
3101310
3101311
3101312
3101313
3101314
3101315
3101316
3101317
3101318
3101319
3101320
3101321
3101322
3101323
3101324
3101325
3101326
3101327
3101328
3101329
3101330
3101331
3101332
3101333
3101334
3101335
3101336
3101337
3101338
3101339
3101340
3101341
3101342
3101343
3101344
3101345
3101346
3101347
3101348
3101349
3101350
3101351
3101352
3101353
3101354
3101355
3101356
3101357
3101358
3101359
3101360
3101361
3101362
3101363
3101364
3101365
3101366
3101367
3101368
3101369
3101370
3101371
3101372
3101373
3101374
3101375
3101376
3101377
3101378
3101379
3101380
3101381
3101382
3101383
3101384
3101385
3101386
3101387
3101388
3101389
3101390
3101391
3101392
3101393
3101394
3101395
3101396
3101397
3101398
3101399
3101400
3101401
3101402
3101403
3101404
3101405
3101406
3101407
3101408
3101409
3101410
3101411
3101412
3101413
3101414
3101415
3101416
3101417
3101418
3101419
3101420
3101421
3101422
3101423
3101424
3101425
3101426
3101427
3101428
3101429
3101430
3101431
3101432
3101433
3101434
3101435
3101436
3101437
3101438
3101439
3101440
3101441
3101442
3101443
3101444
3101445
3101446
3101447
3101448
3101449
3101450
3101451
3101452
3101453
3101454
3101455
3101456
3101457
3101458
3101459
3101460
3101461
3101462
3101463
3101464
3101465
3101466
3101467
3101468
3101469
3101470
3101471
3101472
3101473
3101474
3101475
3101476
3101477
3101478
3101479
3101480
3101481
3101482
3101483
3101484
3101485
3101486
3101487
3101488
3101489
3101490
3101491
3101492
3101493
3101494
3101495
3101496
3101497
3101498
3101499
3101500
3101501
3101502
3101503
3101504
3101505
3101506
3101507
3101508
3101509
3101510
3101511
3101512
3101513
3101514
3101515
3101516
3101517
3101518
3101519
3101520
3101521
3101522
3101523
3101524
3101525
3101526
3101527
3101528
3101529
3101530
3101531
3101532
3101533
3101534
3101535
3101536
3101537
3101538
3101539
3101540
3101541
3101542
3101543
3101544
3101545
3101546
3101547
3101548
3101549
3101550
3101551
3101552
3101553
3101554
3101555
3101556
3101557
3101558
3101559
3101560
3101561
3101562
3101563
3101564
3101565
3101566
3101567
3101568
3101569
3101570
3101571
3101572
3101573
3101574
3101575
3101576
3101577
3101578
3101579
3101580
3101581
3101582
3101583
3101584
3101585
3101586
3101587
3101588
3101589
3101590
3101591
3101592
3101593
3101594
3101595
3101596
3101597
3101598
3101599
3101600
3101601
3101602
3101603
3101604
3101605
3101606
3101607
3101608
3101609
3101610
3101611
3101612
3101613
3101614
3101615
3101616
3101617
3101618
3101619
3101620
3101621
3101622
3101623
3101624
3101625
3101626
3101627
3101628
3101629
3101630
3101631
3101632
3101633
3101634
3101635
3101636
3101637
3101638
3101639
3101640
3101641
3101642
3101643
3101644
3101645
3101646
3101647
3101648
3101649
3101650
3101651
3101652
3101653
3101654
3101655
3101656
3101657
3101658
3101659
3101660
3101661
3101662
3101663
3101664
3101665
3101666
3101667
3101668
3101669
3101670
3101671
3101672
3101673
3101674
3101675
3101676
3101677
3101678
3101679
3101680
3101681
3101682
3101683
3101684
3101685
3101686
3101687
3101688
3101689
3101690
3101691
3101692
3101693
3101694
3101695
3101696
3101697
3101698
3101699
3101700
3101701
3101702
3101703
3101704
3101705
3101706
3101707
3101708
3101709
3101710
3101711
3101712
3101713
3101714
3101715
3101716
3101717
3101718
3101719
3101720
3101721
3101722
3101723
3101724
3101725
3101726
3101727
3101728
3101729
3101730
3101731
3101732
3101733
3101734
3101735
3101736
3101737
3101738
3101739
3101740
3101741
3101742
3101743
3101744
3101745
3101746
3101747
3101748
3101749
3101750
3101751
3101752
3101753
3101754
3101755
3101756
3101757
3101758
3101759
3101760
3101761
3101762
3101763
3101764
3101765
3101766
3101767
3101768
3101769
3101770
3101771
3101772
3101773
3101774
3101775
3101776
3101777
3101778
3101779
3101780
3101781
3101782
3101783
3101784
3101785
3101786
3101787
3101788
3101789
3101790
3101791
3101792
3101793
3101794
3101795
3101796
3101797
3101798
3101799
3101800
3101801
3101802
3101803
3101804
3101805
3101806
3101807
3101808
3101809
3101810
3101811
3101812
3101813
3101814
3101815
3101816
3101817
3101818
3101819
3101820
3101821
3101822
3101823
3101824
3101825
3101826
3101827
3101828
3101829
3101830
3101831
3101832
3101833
3101834
3101835
3101836
3101837
3101838
3101839
3101840
3101841
3101842
3101843
3101844
3101845
3101846
3101847
3101848
3101849
3101850
3101851
3101852
3101853
3101854
3101855
3101856
3101857
3101858
3101859
3101860
3101861
3101862
3101863
3101864
3101865
3101866
3101867
3101868
3101869
3101870
3101871
3101872
3101873
3101874
3101875
3101876
3101877
3101878
3101879
3101880
3101881
3101882
3101883
3101884
3101885
3101886
3101887
3101888
3101889
3101890
3101891
3101892
3101893
3101894
3101895
3101896
3101897
3101898
3101899
3101900
3101901
3101902
3101903
3101904
3101905
3101906
3101907
3101908
3101909
3101910
3101911
3101912
3101913
3101914
3101915
3101916
3101917
3101918
3101919
3101920
3101921
3101922
3101923
3101924
3101925
3101926
3101927
3101928
3101929
3101930
3101931
3101932
3101933
3101934
3101935
3101936
3101937
3101938
3101939
3101940
3101941
3101942
3101943
3101944
3101945
3101946
3101947
3101948
3101949
3101950
3101951
3101952
3101953
3101954
3101955
3101956
3101957
3101958
3101959
3101960
3101961
3101962
3101963
3101964
3101965
3101966
3101967
3101968
3101969
3101970
3101971
3101972
3101973
3101974
3101975
3101976
3101977
3101978
3101979
3101980
3101981
3101982
3101983
3101984
3101985
3101986
3101987
3101988
3101989
3101990
3101991
3101992
3101993
3101994
3101995
3101996
3101997
3101998
3101999
3102000
3102001
3102002
3102003
3102004
3102005
3102006
3102007
3102008
3102009
3102010
3102011
3102012
3102013
3102014
3102015
3102016
3102017
3102018
3102019
3102020
3102021
3102022
3102023
3102024
3102025
3102026
3102027
3102028
3102029
3102030
3102031
3102032
3102033
3102034
3102035
3102036
3102037
3102038
3102039
3102040
3102041
3102042
3102043
3102044
3102045
3102046
3102047
3102048
3102049
3102050
3102051
3102052
3102053
3102054
3102055
3102056
3102057
3102058
3102059
3102060
3102061
3102062
3102063
3102064
3102065
3102066
3102067
3102068
